414.156918456
414.156918456
414.156918456
414.156918456
414.156918456
414.156918456
414.156918456
414.156918456
414.156918456
414.156918456
414.156918456
414.156918456
414.156918456
414.156918456
414.156918456
414.156918456
365.117403966
365.117403966
365.117403966
365.117403966
365.117403966
365.117403966
365.117403966
365.117403966
365.117403966
365.117403966
365.117403966
365.117403966
365.117403966
365.117403966
361.84950171
361.493295772
338.837181099
308.048295266
308.048295266
308.048295266
308.048295266
308.048295266
308.048295266
308.048295266
308.048295266
308.048295266
308.048295266
308.048295266
308.048295266
308.048295266
308.048295266
308.048295266
308.048295266
308.048295266
308.048295266
308.048295266
291.706519646
291.706519646
274.807166684
274.685175146
274.685175146
274.685175146
259.779729143
259.779729143
259.779729143
259.779729143
256.984016306
256.984016306
256.984016306
256.984016306
256.984016306
256.984016306
256.984016306
256.984016306
256.984016306
256.984016306
256.984016306
256.984016306
256.984016306
256.984016306
256.984016306
256.984016306
256.984016306
256.984016306
256.984016306
256.984016306
256.984016306
256.984016306
256.984016306
256.984016306
254.766003121
250.088847259
250.088847259
250.088847259
250.088847259
250.088847259
250.088847259
250.088847259
250.088847259
250.088847259
250.088847259
250.088847259
250.088847259
250.088847259
250.088847259
250.088847259
250.088847259
246.666708588
243.246343416
235.639945587
235.639945587
235.639945587
235.639945587
235.639945587
235.639945587
235.639945587
235.639945587
235.639945587
235.639945587
235.639945587
235.639945587
235.639945587
235.639945587
235.639945587
234.056078999
234.056078999
234.056078999
234.056078999
234.056078999
234.056078999
234.056078999
234.056078999
234.056078999
234.056078999
234.056078999
234.056078999
234.056078999
234.056078999
234.056078999
234.056078999
234.056078999
227.154837152
227.154837152
227.154837152
227.154837152
227.154837152
227.154837152
227.154837152
227.154837152
227.154837152
227.154837152
227.154837152
227.154837152
227.154837152
227.154837152
227.154837152
227.154837152
220.324261495
220.324261495
214.982434535
214.982434535
206.503668392
202.430040513
202.430040513
202.430040513
202.430040513
199.026038748
199.026038748
199.026038748
199.026038748
199.026038748
198.801517814
198.801517814
198.801517814
197.2043755
197.178321485
197.178321485
196.999286767
189.322708496
184.67057668
184.67057668
182.24941567
169.032388935
161.91529413
161.91529413
159.196531604
156.725433234
156.09625551
155.851121652
155.480448276
155.350336253
155.283236761
153.198553617
150.918546019
150.547236387
150.547236387
150.547236387
146.229476661
146.229476661
146.229476661
146.229476661
146.229476661
146.229476661
146.229476661
143.51288463
143.51288463
143.51288463
143.51288463
143.51288463
143.51288463
143.51288463
131.927855734
131.927855734
131.927855734
131.927855734
131.927855734
131.927855734
131.927855734
131.927855734
131.927855734
131.927855734
131.927855734
131.927855734
131.927855734
131.927855734
124.47829533
124.47829533
124.47829533
124.47829533
124.47829533
124.47829533
124.47829533
124.47829533
124.47829533
124.47829533
124.47829533
124.47829533
124.47829533
124.47829533
124.47829533
124.47829533
124.47829533
124.47829533
123.651140854
123.651140854
123.651140854
118.816434877
118.816434877
118.816434877
118.816434877
118.816434877
118.816434877
118.816434877
118.816434877
118.816434877
118.816434877
118.816434877
117.581683687
117.581683687
117.581683687
117.581683687
117.581683687
117.581683687
117.581683687
117.581683687
117.581683687
117.581683687
117.581683687
116.281270455
111.641620786
111.641620786
111.641620786
111.641620786
111.208369381
109.912969043
109.644485473
106.427524331
106.427524331
106.427524331
105.84706616
105.692068709
105.692068709
105.00064612
105.00064612
104.794642537
104.794642537
103.65547156
103.584310357
103.584310357
103.584310357
103.584310357
103.521139244
103.521139244
103.521139244
103.442580667
103.442580667
100.03303797
95.4578189988
95.4578189988
95.4578189988
95.4578189988
95.4578189988
95.4578189988
95.4578189988
95.4578189988
95.4578189988
95.4578189988
95.4578189988
95.4578189988
95.4578189988
95.4578189988
95.4578189988
95.4578189988
95.4578189988
95.4578189988
95.4578189988
95.4578189988
95.4578189988
95.4578189988
95.4578189988
95.0979975645
95.0979975645
93.4034615199
93.4034615199
93.4034615199
93.4034615199
93.4034615199
93.4034615199
93.4034615199
93.4034615199
93.4034615199
93.4034615199
93.4034615199
93.4034615199
93.4034615199
93.4034615199
93.4034615199
93.4034615199
92.8168873243
92.8168873243
92.8168873243
92.7457814601
92.7457814601
92.7457814601
92.7457814601
92.7457814601
92.7457814601
92.7457814601
92.7457814601
92.7457814601
92.7457814601
92.7457814601
92.7457814601
92.7457814601
92.7457814601
92.7457814601
92.7457814601
92.7457814601
92.7457814601
92.7457814601
92.7457814601
92.7457814601
92.7457814601
92.7457814601
92.7457814601
92.7457814601
92.7457814601
92.7457814601
91.1635233691
91.1635233691
91.1635233691
91.1635233691
91.1635233691
85.2552874122
85.2552874122
85.2552874122
85.2552874122
85.2552874122
85.2552874122
85.2552874122
85.2552874122
85.2552874122
85.2552874122
85.2552874122
85.2552874122
85.2552874122
85.2552874122
85.2552874122
85.2552874122
85.2552874122
85.2552874122
85.2184594339
85.2184594339
85.2184594339
85.2184594339
85.2184594339
85.2184594339
85.2184594339
85.2184594339
85.2184594339
85.2184594339
85.2184594339
84.4621995031
84.4621995031
84.4621995031
84.4621995031
84.4621995031
84.4621995031
84.4621995031
84.4621995031
84.4621995031
84.4621995031
84.4621995031
84.4621995031
84.4621995031
84.4621995031
84.4621995031
84.4621995031
84.4621995031
84.4621995031
84.4621995031
83.3531881656
83.3531881656
83.3531881656
83.3531881656
83.3531881656
83.3531881656
83.3531881656
83.3531881656
83.3531881656
83.3531881656
83.3531881656
83.3531881656
83.3531881656
83.3531881656
83.3531881656
83.3531881656
83.3531881656
83.1912235118
83.1912235118
83.1912235118
83.1912235118
83.1912235118
83.0076761204
83.0076761204
83.0076761204
82.712957085
80.5827662725
80.5827662725
80.5827662725
80.5827662725
80.5827662725
80.5827662725
80.5827662725
80.5827662725
80.5827662725
80.5827662725
80.5827662725
80.5827662725
80.5827662725
80.5827662725
80.5827662725
80.5827662725
80.5827662725
80.5827662725
80.5827662725
80.5827662725
80.5827662725
80.5827662725
80.5827662725
80.5827662725
80.5827662725
80.0212471412
80.0212471412
80.0212471412
80.0212471412
79.5488493354
79.5488493354
79.5488493354
79.5488493354
79.5488493354
79.5488493354
79.5488493354
79.5488493354
79.5488493354
79.5488493354
79.5488493354
78.9566757897
78.9566757897
78.9566757897
78.9566757897
78.9566757897
78.9566757897
78.9566757897
78.9566757897
77.5817680496
77.5817680496
77.5817680496
77.5817680496
77.5817680496
77.5817680496
77.5817680496
77.5817680496
77.5817680496
77.5817680496
77.5817680496
77.5817680496
77.5817680496
77.5817680496
77.5817680496
77.5817680496
77.5817680496
77.5817680496
77.5817680496
77.5817680496
77.5817680496
76.4764875613
76.4764875613
76.4764875613
76.4764875613
76.4764875613
76.4764875613
76.4764875613
76.4764875613
76.4764875613
75.8477437849
75.8477437849
75.8477437849
75.8477437849
75.8477437849
75.8477437849
75.8477437849
75.8477437849
75.8477437849
75.8477437849
75.8477437849
75.8477437849
75.8477437849
75.8477437849
75.8477437849
75.5943362915
75.5943362915
75.5943362915
75.5943362915
75.5943362915
75.5943362915
75.5943362915
75.5943362915
75.5943362915
75.2534954841
75.058578789
75.058578789
75.058578789
75.058578789
75.058578789
75.058578789
75.058578789
75.058578789
75.058578789
74.4387254255
74.4387254255
74.4387254255
74.4387254255
74.4387254255
74.4387254255
74.4387254255
74.4387254255
74.4387254255
74.4387254255
74.4387254255
74.4387254255
74.4387254255
74.4387254255
74.4387254255
74.4387254255
74.4387254255
74.4387254255
74.4387254255
74.4387254255
74.4387254255
74.4387254255
74.4387254255
74.4387254255
74.4387254255
74.4387254255
74.4387254255
74.4387254255
74.4387254255
74.4387254255
74.2990965472
74.0866309504
74.0866309504
74.0866309504
74.0866309504
74.0866309504
74.0866309504
73.8469313196
73.8469313196
73.8469313196
73.8469313196
73.7002666097
73.7002666097
73.7002666097
73.7002666097
73.7002666097
73.2070817705
71.8802766836
71.8802766836
71.8802766836
71.7744119939
71.7540856127
71.7540856127
71.621817158
71.621817158
71.621817158
71.621817158
71.5277640569
71.5277640569
71.5277640569
71.1424405072
70.9532445926
70.9532445926
70.9532445926
70.9532445926
70.9532445926
70.9532445926
70.9532445926
70.9532445926
70.9532445926
70.9532445926
70.9153052203
70.9153052203
70.9153052203
70.9153052203
70.5027004035
70.5027004035
70.5027004035
70.5027004035
70.2864442978
70.2864442978
70.2864442978
70.280617379
70.280617379
70.280617379
70.280617379
70.280617379
70.280617379
70.280617379
70.280617379
70.280617379
70.280617379
70.2510558192
70.2510558192
70.2510558192
70.223431349
70.1917561655
70.1917561655
70.1917561655
69.9776903742
69.9116153263
69.9116153263
69.9116153263
69.9116153263
69.9116153263
69.9116153263
69.9116153263
69.9116153263
69.8512129317
69.8512129317
69.8512129317
69.8512129317
69.8512129317
69.8512129317
69.2726454471
69.2726454471
69.2726454471
69.2726454471
69.2726454471
69.2726454471
69.2726454471
69.2726454471
69.2726454471
68.8896360438
68.8896360438
68.8896360438
68.705259513
68.5298362512
68.5298362512
68.5298362512
68.5298362512
68.5298362512
68.5298362512
68.5298362512
68.5298362512
68.5298362512
68.5298362512
68.5298362512
68.5298362512
68.5298362512
68.2932252279
68.17794138
68.17794138
68.17794138
68.17794138
68.17794138
68.17794138
68.1479624641
68.1479624641
67.8798582392
67.8798582392
67.8798582392
67.8798582392
67.5524109069
67.3718348805
67.3691146571
67.1667870972
66.8862475159
66.8862475159
66.8862475159
66.8862475159
66.8862475159
66.8862475159
65.9039273728
65.8325692073
65.8325692073
65.8325692073
65.8325692073
65.8325692073
65.8325692073
65.8325692073
65.8325692073
65.8325692073
65.8325692073
65.8325692073
65.8325692073
65.8325692073
65.8325692073
65.8325692073
65.8325692073
65.8325692073
65.8325692073
65.8325692073
65.8325692073
65.8325692073
65.8325692073
65.8325692073
65.8325692073
65.8325692073
65.8325692073
65.8302705388
65.8245102243
65.8245102243
65.8245102243
65.8245102243
65.8245102243
65.8245102243
65.8245102243
65.8245102243
65.8245102243
65.8245102243
65.8245102243
65.7307186747
65.7307186747
64.9146203065
64.9146203065
64.9146203065
64.9146203065
64.9146203065
64.9146203065
64.9146203065
64.9146203065
64.9146203065
64.9146203065
64.9146203065
64.9146203065
64.9146203065
64.9094934179
64.9094934179
64.9094934179
64.8654598245
64.6933024693
64.6933024693
64.6933024693
64.6933024693
64.6933024693
64.6933024693
64.6933024693
64.6305417741
64.5809830417
64.5809830417
64.5809830417
64.458811516
64.4470740989
64.4470740989
64.4014192359
64.3851361524
64.3829186878
64.3552814341
64.3552814341
64.3552814341
64.3014263697
64.2909832751
64.2909832751
64.2859313387
64.2859313387
64.2859313387
64.2762376762
64.2675622614
64.2675622614
64.2638487802
64.2586523631
64.2369604257
64.2328570586
64.2326145801
64.2201347353
64.1714865205
64.1699415068
64.1478882265
64.1257395996
64.123507113
64.123507113
64.123507113
64.115019368
64.1055249948
64.1055249948
64.1055249948
64.1055249948
64.1055249948
64.1032723333
64.0874399471
64.0762996267
64.0762996267
64.0627833353
64.0426195355
64.0426195355
64.0330548651
64.0330548651
64.0330548651
64.0330548651
64.0330548651
64.0330548651
63.9970886327
63.9870864758
63.9870864758
63.9870864758
63.9701986367
63.9701986367
63.9701986367
63.9439547203
63.6793795529
63.6793795529
63.6793795529
63.6793795529
63.6793795529
63.6793795529
63.6793795529
63.6793795529
63.6793795529
63.6319999658
63.6319999658
63.6319999658
63.6319999658
63.6319999658
63.4607039879
63.3707248205
63.3707248205
63.2297944827
63.2297944827
63.2297944827
63.2210631111
63.2107115901
63.2107115901
63.2107115901
63.2107115901
63.2107115901
63.2085294165
63.2085294165
63.2085294165
63.2020066309
63.2019745495
63.1769425842
63.1769425842
63.1769425842
63.1544522953
63.1544522953
63.1544522953
63.1544522953
63.1544522953
63.1544522953
63.1544522953
63.1544522953
63.1472203401
63.1472203401
63.1472203401
63.10585854
63.0780296469
63.0672862009
63.0645481367
63.0645481367
63.0641623714
63.0634240227
63.0627863751
63.0619812568
63.0015552317
62.9954712831
62.9954712831
62.9954712831
62.9954712831
62.9940326913
62.9940326913
62.9940326913
62.9889344598
62.9767110312
62.9767110312
62.9767110312
62.9489899507
62.9489899507
62.9489899507
62.9489899507
62.9489899507
62.9489899507
62.9489899507
62.947415916
62.944651558
62.944651558
62.944651558
62.938038566
62.938038566
62.9071223016
62.9071223016
62.9071223016
62.9071223016
62.9071223016
62.9071223016
62.9025525802
62.9025525802
62.9025525802
62.9025525802
62.89451488
62.8865075939
62.8865075939
62.8865075939
62.8601329182
62.8601329182
62.8601329182
62.8601329182
62.8601329182
62.8601329182
62.8601329182
62.8577687782
62.8570093037
62.8570093037
62.8570093037
62.8570093037
62.8472133909
62.8391512563
62.8391512563
62.8391512563
62.8391512563
62.8391090283
62.8391090283
62.8391090283
62.8285493241
62.8244624445
62.8244624445
62.8232301384
62.820723833
62.8196285004
62.8196285004
62.8196285004
62.8196285004
62.8196285004
62.8196285004
62.8196285004
62.8196285004
62.8196285004
62.8152752529
62.8152752529
62.8152752529
62.8152752529
62.8152752529
62.8152752529
62.8152752529
62.8152752529
62.8152752529
62.8144222521
62.8144222521
62.8144222521
62.8144222521
62.8128617535
62.8128617535
62.8128617535
62.8128617535
62.8128617535
62.8128617535
62.8128617535
62.8128617535
62.8084187011
62.8084187011
62.8084187011
62.8084187011
62.8084187011
62.8080012274
62.8080012274
62.8080012274
62.8080012274
62.8071060983
62.7924464009
62.7924464009
62.7924464009
62.7910792553
62.7910792553
62.7910792553
62.7910792553
62.7910792553
62.7910792553
62.7900200769
62.785599501
62.7829296088
62.7829296088
62.7829296088
62.7782779051
62.7767673316
62.7767673316
62.7767673316
62.7762734214
62.7756157401
62.7756157401
62.7756157401
62.7751492795
62.7697843762
62.7685351268
62.7685351268
62.7685351268
62.7675580902
62.7675580902
62.7675580902
62.7644067523
62.7644067523
62.7644067523
62.7644067523
62.7644067523
62.7644067523
62.7644067523
62.7644067523
62.7644067523
62.7644067523
62.7644067523
62.7644067523
62.7644067523
62.763996024
62.763996024
62.763996024
62.763996024
62.763996024
62.763996024
62.763996024
62.763996024
62.763996024
62.763996024
62.7630440342
62.7621162136
62.7579673036
62.7579673036
62.7579673036
62.7567063539
62.7555786347
62.7555786347
62.7555786347
62.7555786347
62.7555786347
62.7555786347
62.7555786347
62.7555786347
62.7555786347
62.7555786347
62.7548443948
62.7548443948
62.7548443948
62.7548443948
62.7548443948
62.7548443948
62.7548443948
62.7543619479
62.7523354738
62.7500539617
62.7500539617
62.7492780512
62.7490529145
62.7490529145
62.7490529145
62.7489719853
62.7489719853
62.7489719853
62.7489719853
62.7489719853
62.7489719853
62.7489719853
62.7489719853
62.7489719853
62.7489719853
62.7489719853
62.7489719853
62.74890619
62.7488452475
62.7485234565
62.7485234565
62.7481894547
62.7481894547
62.7480912586
62.7480912586
62.7480912586
62.7480912586
62.7480912586
62.7480912586
62.7480912586
62.7480912586
62.74290742
62.7428754385
62.7428754385
62.7428754385
62.7428754385
62.7428754385
62.7428754385
62.7428754385
62.7428754385
62.7418945813
62.740686624
62.740686624
62.740686624
62.740686624
62.740686624
62.740686624
62.7392916411
62.7392916411
62.7392916411
62.7392916411
62.7384330688
62.7384330688
62.7384330688
62.7384330688
62.738347352
62.738347352
62.738347352
62.738347352
62.738347352
62.7381245231
62.738118464
62.738118464
62.7379972129
62.7379972129
62.7377285263
62.7370367103
62.7370367103
62.7370367103
62.7370367103
62.7370347994
62.7370347994
62.7370347994
62.7370347994
62.7370347994
62.7370347994
62.7368392483
62.7368392483
62.7368392483
62.7368392483
62.7368392483
62.7368392483
62.7365981519
62.7365058394
62.7365058394
62.7365058394
62.7365058394
62.7365058394
62.7365058394
62.7364862998
62.7364862998
62.7364462271
62.7358545835
62.7353076455
62.7353076455
62.7353076455
62.7350365212
62.7350214182
62.7348420687
62.7346127709
62.7346127709
62.7346127709
62.7346127709
62.7346127709
62.7346127709
62.7346127709
62.7346127709
62.7345543819
62.7345543819
62.7344806372
62.7344023039
62.7344023039
62.7342922366
62.7342585618
62.7341131391
62.73406066
62.73406066
62.7340342949
62.7338551706
62.7338551706
62.7338551706
62.7338551706
62.7338000124
62.7338000124
62.7338000124
62.7338000124
62.7338000124
62.7337240378
62.7337240378
62.7337240378
62.7337240378
62.7337240378
62.7337240378
62.7336828733
62.7336828733
62.7336828733
62.7336828733
62.7336828733
62.7336168098
62.7336168098
62.7336168098
62.7335908636
62.7335861004
62.7335861004
62.7335861004
62.7335861004
62.7335861004
62.7335861004
62.7335861004
62.7335861004
62.733584575
62.733584575
62.733584575
62.7335513103
62.7335290625
62.7335290625
62.7335290625
62.7335290625
62.7335290625
62.7335290625
62.7334198282
62.7334198282
62.7334198282
62.7334198282
62.7334198282
62.7334198282
62.7334198282
62.7334198282
62.7334198282
62.7334198282
62.7334198282
62.7334198282
62.7334198282
62.7334198282
62.7334198282
62.7334198282
62.7334198282
62.7333925762
62.7332680482
62.7332642377
62.7332642377
62.7332642377
62.7332544866
62.733245076
62.733245076
62.7331475338
62.7331461925
62.7331461925
62.7331461925
62.7331419949
62.7331211541
62.7331211541
62.7331211541
62.7331211016
62.7331211016
62.7331211016
62.7331050958
62.7330897525
62.7330730394
62.7330730394
62.7330730394
62.7330730394
62.7330730394
62.7330628577
62.7330628577
62.7330626377
62.7330595219
62.7330261257
62.7330261257
62.7330261257
62.7330261257
62.7330261257
62.7330261257
62.7330261257
62.7330261257
62.7330058395
62.7330058395
62.7330058395
62.7330058395
62.7330022779
62.7330022779
62.7330022779
62.7330022779
62.7329972622
62.7329972622
62.7329972622
62.7329969494
62.7329969494
62.7329969494
62.7329969494
62.7329838543
62.7329809349
62.7329809349
62.7329809349
62.732974791
62.732974791
62.732974791
62.7329709592
62.7329709592
62.7329709592
62.7329709592
62.7329709592
62.7329709592
62.7329709592
62.7329709592
62.7329709592
62.7329709592
62.7329709592
62.7329709592
62.7329470934
62.7329344129
62.7329221428
62.7329199744
62.7329199744
62.7329160396
62.7329155411
62.7329155411
62.7329155411
62.7329155411
62.7329147781
62.7329147781
62.7329147781
62.7329147781
62.7329139412
62.7329139412
62.7329139412
62.7329139412
62.7329139412
62.7329118952
62.7329118952
62.7329118952
62.7329118952
62.7329118952
62.7329118952
62.7329118952
62.7329100872
62.7329100872
62.7329100872
62.7329077525
62.7329042935
62.7329042935
62.7329042935
62.7329042935
62.7329042935
62.7329042935
62.7329024881
62.7329001878
62.7329001878
62.7328976808
62.7328976808
62.7328976808
62.7328976808
62.7328976808
62.7328976808
62.7328976808
62.7328976808
62.7328976808
62.7328976808
62.7328976808
62.7328976808
62.732890519
62.732890519
62.732890519
62.732890519
62.732890519
62.732890519
62.732890519
62.7328903682
62.7328903682
62.7328903682
62.7328903682
62.7328903682
62.7328902717
62.7328820602
62.7328820602
62.7328820602
62.7328820602
62.7328820602
62.7328820602
62.7328820602
62.7328820602
62.7328717189
62.7328416952
62.7328413668
62.7328413668
62.7328413668
62.7328312045
62.7328227458
62.7328227458
62.7328227458
62.7328227458
62.7328227458
62.7328227458
62.7328227458
62.7328227458
62.7328227458
62.7328227458
62.7328227458
62.7328227458
62.7328227458
62.7328227458
62.7328227458
62.7328162854
62.7328162005
62.7328134898
62.7328134898
62.7328097348
62.7328097348
62.7328097348
62.7328097348
62.7328097348
62.7328097348
62.7328097348
62.7328097348
62.7327978594
62.7327978594
62.7327978594
62.7327978594
62.7327978594
62.7327978594
62.7327978594
62.7327978594
62.7327978594
62.7327978594
62.7327978594
62.7327978594
62.7327978594
62.7327978594
62.7327978594
62.7327978594
62.7327978594
62.7327978594
62.7327978594
62.7327978594
62.7327961632
62.7327960418
62.7327958436
62.7327935708
62.7327931247
62.7327931247
62.7327931247
62.7327931247
62.7327931247
62.7327931247
62.7327931247
62.7327931247
62.7327931247
62.7327931247
62.7327931247
62.7327931247
62.7327931247
62.7327931247
62.7327922805
62.7327922805
62.7327922805
62.7327922805
62.732790857
62.732790857
62.7327890597
62.7327890597
62.7327860209
62.7327860209
62.7327860209
62.7327838699
62.7327838699
62.7327838699
62.7327838699
62.7327812304
62.7327812304
62.7327812304
62.7327812304
62.7327812304
62.7327771626
62.7327760579
62.7327760579
62.7327760579
62.7327738207
62.7327738207
62.7327738207
62.73277234
62.7327710715
62.7327710715
62.7327710715
62.7327710715
62.7327710715
62.7327710715
62.732769263
62.732769263
62.732769263
62.732769263
62.732769263
62.732769263
62.732769263
62.732769263
62.732769263
62.732769263
62.732769263
62.732769263
62.732769263
62.732769263
62.732769263
62.732769263
62.732769263
62.732769263
62.732769263
62.732769263
62.732769263
62.732769263
62.732769263
62.732769263
62.732769263
62.732769263
62.732769263
62.732769263
62.732769263
62.732769263
62.732769263
62.732769263
62.732769263
62.7327664056
62.7327664056
62.7327664056
62.7327664056
62.7327664056
62.7327664056
62.7327664056
62.7327664056
62.7327664056
62.7327664056
62.7327664056
62.7327664056
62.732766283
62.732766283
62.732766283
62.732766283
62.732766283
62.732766283
62.732766283
62.732766283
62.732766283
62.732766283
62.732766283
62.732766283
62.732766283
62.732766283
62.7327662189
62.7327653316
62.7327653316
62.7327653316
62.7327653316
62.7327651966
62.7327651966
62.7327645943
62.7327645943
62.7327645943
62.7327645943
62.7327645943
62.7327645943
62.7327645943
62.7327644406
62.7327644406
62.7327644406
62.7327644406
62.7327629862
62.7327629862
62.7327629862
62.7327628345
62.7327628345
62.7327628345
62.7327628345
62.7327627887
62.7327627887
62.7327627887
62.7327627887
62.7327627361
62.7327627361
62.7327627361
62.7327627361
62.7327627361
62.7327627361
62.7327627361
62.7327627361
62.7327627361
62.7327627361
62.7327624988
62.7327624988
62.7327624988
62.7327620888
62.732760962
62.732760962
62.732757684
62.732757684
62.732757684
62.732757684
62.732757684
62.732757684
62.732757684
62.732757684
62.732757684
62.732757684
62.7327574734
62.7327556428
62.7327556428
62.7327556428
62.7327556428
62.7327552434
62.7327552434
62.7327552434
62.7327550211
62.7327550211
62.7327550211
62.7327550211
62.7327542868
62.7327542868
62.7327542868
62.7327542868
62.7327542868
62.7327542868
62.7327542868
62.7327534583
62.7327534583
62.7327534583
62.7327534583
62.7327534583
62.7327532096
62.7327532096
62.7327532096
62.7327530628
62.7327530628
62.7327530503
62.7327524315
62.7327518077
62.7327518077
62.7327518077
62.7327518077
62.7327518077
62.7327518077
62.7327518077
62.7327518077
62.7327514349
62.7327506356
62.7327487349
62.7327455816
62.7327445823
62.7327435301
62.7327435301
62.7327435301
62.7327435301
62.7327435301
62.7327435301
62.7327424144
62.7327424144
62.7327424144
62.7327424144
62.7327424144
62.7327424144
62.7327424144
62.7327424144
62.7327424144
62.7327424144
62.7327424144
62.7327424144
62.7327424144
62.7327424144
62.7327424144
62.7327424144
62.7327424144
62.7327424144
62.7327424144
62.7327424144
62.7327424144
62.7327424144
62.7327424144
62.7327424144
62.7327424144
62.7327424144
62.7327424144
62.7327424144
62.7327424144
62.7327424144
62.7327424144
62.7327424144
62.7327424144
62.7327424144
62.7327424144
62.7327424144
62.7327422702
62.7327422702
62.7327422702
62.7327422702
62.7327418161
62.7327418161
62.7327418161
62.7327417895
62.7327417895
62.7327417274
62.7327416368
62.7327416368
62.7327416368
62.7327416368
62.7327416368
62.7327416368
62.7327416368
62.7327416368
62.7327415223
62.7327415223
62.7327415223
62.7327415223
62.7327415145
62.7327415145
62.7327415145
62.7327415145
62.7327415145
62.7327415145
62.7327415145
62.7327415145
62.7327415145
62.7327415145
62.7327414767
62.7327414767
62.7327414767
62.732740737
62.732740737
62.732740737
62.732740737
62.732740737
62.732740737
62.732740737
62.732740737
62.732740737
62.7327404999
62.7327404867
62.7327404867
62.7327404867
62.7327404867
62.7327404867
62.7327404867
62.7327404867
62.7327404867
62.7327404867
62.7327404867
62.7327404867
62.7327404867
62.7327404765
62.7327404765
62.7327404765
62.7327402899
62.7327402718
62.7327402718
62.7327402718
62.7327402718
62.7327401501
62.7327401501
62.7327401501
62.7327399668
62.7327399668
62.7327399668
62.7327399668
62.7327399668
62.7327399668
62.7327399668
62.7327399668
62.7327399668
62.7327399668
62.7327399668
62.7327399668
62.7327399109
62.7327399109
62.7327399109
62.7327398716
62.7327398716
62.7327398716
62.732739852
62.7327398473
62.7327398123
62.7327398123
62.7327398123
62.7327398123
62.7327398032
62.7327398032
62.7327398032
62.7327397681
62.7327397647
62.7327397406
62.7327397406
62.7327397406
62.7327397307
62.7327396571
62.7327396571
62.7327396571
62.7327396571
62.7327396571
62.7327396571
62.7327396571
62.7327396571
62.7327396571
62.7327396571
62.7327396571
62.7327396571
62.7327396067
62.7327395967
62.7327395967
62.7327395967
62.7327395967
62.7327395967
62.7327395752
62.7327395752
62.7327395752
62.7327395752
62.7327395728
62.7327395728
62.7327395728
62.7327395597
62.7327395588
62.7327395588
62.7327395522
62.7327395471
62.7327395377
62.7327395342
62.7327395342
62.7327395342
62.7327395322
62.7327395211
62.7327395164
62.7327395117
62.732739497
62.732739497
62.732739497
62.7327394793
62.7327394793
62.7327394728
62.7327394666
62.7327394666
62.7327394666
62.7327394666
62.7327394625
62.7327394625
62.7327394625
62.732739452
62.7327394451
62.7327394312
62.7327394312
62.7327394312
62.7327394312
62.7327394306
62.7327394306
62.7327394266
62.7327394241
62.7327394161
62.7327394134
62.7327394079
62.7327394079
62.7327394079
62.7327394079
62.7327394079
62.7327394042
62.7327394042
62.7327394033
62.7327393927
62.7327393827
62.7327393826
62.7327393826
62.7327393826
62.7327393826
62.7327393749
62.7327393749
62.7327393749
62.7327393749
62.7327393749
62.7327393749
62.7327393749
62.7327393749
62.7327393749
62.7327393749
62.7327393712
62.7327393712
62.7327393712
62.7327393662
62.7327393662
62.7327393662
62.7327393662
62.7327393662
62.7327393662
62.7327393662
62.7327393662
62.7327393662
62.7327393662
62.7327393662
62.7327393662
62.7327393659
62.7327393623
62.7327393605
62.7327393605
62.7327393605
62.7327393605
62.7327393605
62.7327393572
62.7327393572
62.7327393572
62.7327393526
62.7327393526
62.7327393526
62.7327393526
62.7327393526
62.7327393526
62.7327393526
62.7327393519
62.7327393518
62.7327393518
62.7327393518
62.7327393491
62.732739348
62.7327393466
62.7327393466
62.7327393466
62.7327393412
62.7327393412
62.7327393412
62.7327393412
62.7327393412
62.7327393412
62.73273934
62.73273934
62.73273934
62.73273934
62.7327393386
62.7327393386
62.7327393386
62.7327393386
62.7327393386
62.7327393386
62.7327393382
62.732739337
62.7327393243
62.7327393165
62.7327393028
62.7327393028
62.7327393028
62.7327392973
62.7327392898
62.7327392853
62.7327392853
62.7327392853
62.7327392853
62.7327392825
62.7327392825
62.7327392825
62.7327392825
62.7327392825
62.7327392825
62.7327392825
62.7327392825
62.7327392793
62.7327392793
62.7327392793
62.7327392793
62.7327392793
62.7327392791
62.7327392791
62.7327392791
62.7327392791
62.7327392791
62.7327392791
62.7327392791
62.7327392791
62.7327392791
62.7327392791
62.7327392791
62.7327392791
62.7327392791
62.7327392791
62.7327392791
62.7327392791
62.7327392791
62.7327392791
62.7327392742
62.7327392742
62.7327392742
62.7327392742
62.7327392742
62.7327392742
62.7327392742
62.7327392742
62.7327392742
62.7327392742
62.7327392742
62.7327392742
62.7327392742
62.7327392742
62.7327392742
62.7327392742
62.7327392736
62.7327392722
62.7327392721
62.7327392721
62.7327392721
62.7327392721
62.732739272
62.7327392719
62.7327392718
62.73273927
62.73273927
62.73273927
62.73273927
62.73273927
62.73273927
62.73273927
62.73273927
62.73273927
62.73273927
62.73273927
62.7327392691
62.7327392691
62.7327392691
62.7327392691
62.7327392691
62.7327392691
62.7327392691
62.7327392691
62.7327392691
62.7327392691
62.7327392691
62.7327392691
62.7327392691
62.7327392689
62.732739268
62.732739268
62.732739268
62.732739268
62.732739268
62.7327392676
62.7327392676
62.7327392676
62.7327392647
62.732739262
62.732739262
62.732739262
62.732739262
62.732739262
62.732739262
62.732739262
62.732739262
62.732739262
62.732739262
62.732739262
62.732739262
62.732739262
62.732739262
62.732739262
62.732739262
62.7327392616
62.7327392616
62.7327392616
62.7327392616
62.7327392608
62.7327392608
62.7327392604
62.7327392604
62.7327392604
62.7327392604
62.7327392604
62.7327392604
62.7327392604
62.7327392604
62.7327392604
62.7327392604
62.7327392604
62.7327392599
62.7327392599
62.7327392599
62.7327392599
62.7327392599
62.7327392593
62.7327392593
62.7327392593
62.7327392593
62.7327392593
62.7327392593
62.7327392593
62.7327392593
62.7327392593
62.7327392593
62.7327392593
62.7327392593
62.7327392593
62.7327392593
62.7327392593
62.7327392593
62.7327392593
62.7327392593
62.7327392593
62.7327392593
62.7327392593
62.7327392592
62.7327392592
62.7327392592
62.7327392592
62.732739259
62.7327392588
62.7327392588
62.7327392585
62.7327392585
62.7327392583
62.7327392583
62.7327392583
62.7327392582
62.7327392581
62.7327392581
62.732739258
62.7327392576
62.7327392576
62.7327392576
62.7327392576
62.7327392576
62.7327392576
62.7327392576
62.7327392576
62.7327392576
62.7327392576
62.7327392576
62.7327392576
62.7327392576
62.7327392576
62.7327392576
62.7327392576
62.7327392576
62.7327392576
62.7327392576
62.7327392576
62.7327392576
62.7327392574
62.7327392574
62.7327392574
62.7327392574
62.7327392574
62.7327392574
62.7327392574
62.7327392574
62.7327392574
62.7327392574
62.7327392572
62.7327392572
62.7327392572
62.7327392572
62.7327392572
62.7327392572
62.7327392571
62.7327392571
62.7327392571
62.7327392571
62.7327392571
62.7327392571
62.732739257
62.7327392566
62.7327392566
62.7327392566
62.7327392566
62.7327392566
62.7327392566
62.7327392566
62.7327392566
62.7327392566
62.7327392566
62.7327392566
62.7327392566
62.7327392566
62.7327392566
62.7327392565
62.7327392565
62.7327392565
62.7327392565
62.7327392565
62.7327392564
62.7327392564
62.7327392564
62.7327392563
62.7327392563
62.7327392562
62.7327392562
62.7327392562
62.7327392562
62.7327392562
62.7327392562
62.7327392562
62.7327392562
62.7327392562
62.7327392562
62.7327392561
62.7327392561
62.7327392561
62.7327392561
62.7327392561
62.7327392561
62.7327392561
62.7327392561
62.732739256
62.732739256
62.7327392556
62.7327392556
62.7327392556
62.7327392556
62.7327392556
62.7327392556
62.7327392556
62.7327392556
62.7327392556
62.7327392556
62.7327392554
62.7327392554
62.7327392553
62.7327392553
62.7327392553
62.7327392553
62.7327392549
62.7327392548
62.7327392548
62.7327392548
62.7327392547
62.7327392547
62.7327392547
62.7327392547
62.7327392546
62.7327392546
62.7327392546
62.7327392546
62.7327392546
62.7327392546
62.7327392546
62.7327392546
62.7327392546
62.7327392546
62.7327392546
62.7327392546
62.7327392546
62.7327392546
62.7327392545
62.7327392545
62.7327392545
62.7327392545
62.7327392545
62.7327392545
62.7327392545
62.7327392545
62.7327392545
62.7327392545
62.7327392545
62.7327392545
62.7327392545
62.7327392545
62.7327392545
62.7327392545
62.7327392545
62.7327392545
62.7327392545
62.7327392545
62.7327392544
62.7327392544
62.7327392544
62.7327392544
62.7327392544
62.7327392544
62.7327392544
62.7327392544
62.7327392544
62.7327392544
62.7327392544
62.7327392544
62.7327392544
62.7327392544
62.7327392544
62.7327392544
62.7327392544
62.7327392544
62.7327392544
62.7327392544
62.7327392544
62.7327392544
62.7327392544
62.7327392544
62.7327392544
62.7327392544
62.7327392544
62.7327392544
62.7327392544
62.7327392544
62.7327392544
62.7327392544
62.7327392544
62.7327392544
62.7327392544
62.7327392544
62.7327392544
62.7327392544
62.7327392544
62.7327392544
62.7327392544
62.7327392544
62.7327392544
62.7327392544
62.7327392544
62.7327392544
62.7327392544
62.7327392544
62.7327392544
62.7327392544
62.7327392544
62.7327392544
62.7327392544
62.7327392544
62.7327392544
62.7327392544
62.7327392544
62.7327392544
62.7327392544
62.7327392544
62.7327392544
62.7327392544
62.7327392544
62.7327392544
62.7327392544
62.7327392544
62.7327392544
62.7327392544
62.7327392544
62.7327392544
62.7327392544
62.7327392544
62.7327392544
62.7327392544
62.7327392544
62.7327392544
62.7327392544
62.7327392544
62.7327392544
62.7327392544
62.7327392544
62.7327392544
62.7327392544
62.7327392544
62.7327392544
62.7327392544
62.7327392544
62.7327392544
62.7327392544
62.7327392544
62.7327392544
62.7327392544
62.7327392544
62.7327392544
62.7327392544
62.7327392544
62.7327392544
62.7327392543
62.7327392543
62.7327392543
62.7327392543
62.7327392543
62.7327392543
62.7327392543
62.7327392543
62.7327392543
62.7327392543
62.7327392543
62.7327392543
62.7327392543
62.7327392543
62.7327392543
62.7327392543
62.7327392543
62.7327392543
62.7327392543
62.7327392543
62.7327392543
62.7327392543
62.7327392543
62.7327392543
62.7327392543
62.7327392543
62.7327392543
62.7327392543
62.7327392543
62.7327392543
62.7327392543
62.7327392543
62.7327392543
62.7327392543
62.7327392543
62.7327392543
62.7327392543
62.7327392543
62.7327392543
62.7327392543
62.7327392543
62.7327392543
62.7327392543
62.7327392543
62.7327392543
62.7327392543
62.7327392543
62.7327392543
62.7327392543
62.7327392543
62.7327392543
62.7327392543
62.7327392543
62.7327392543
62.7327392543
62.7327392543
62.7327392543
62.7327392543
62.7327392543
62.7327392543
62.7327392543
62.7327392543
62.7327392543
62.7327392543
62.7327392543
62.7327392543
62.7327392543
62.7327392543
62.7327392543
62.7327392543
62.7327392543
62.7327392543
62.7327392543
62.7327392543
62.7327392543
62.7327392543
62.7327392543
62.7327392543
62.7327392543
62.7327392543
62.7327392543
62.7327392543
62.7327392543
62.7327392543
62.7327392543
62.7327392543
62.7327392543
62.7327392543
62.7327392543
62.7327392543
62.7327392543
62.7327392543
62.7327392543
62.7327392543
62.7327392543
62.7327392543
62.7327392543
62.7327392543
62.7327392543
62.7327392543
62.7327392543
62.7327392543
62.7327392543
62.7327392543
62.7327392543
62.7327392543
62.7327392543
62.7327392543
62.7327392543
62.7327392543
62.7327392543
62.7327392543
62.7327392543
62.7327392543
62.7327392543
62.7327392543
62.7327392543
62.7327392543
62.7327392543
62.7327392543
62.7327392543
62.7327392543
62.7327392543
62.7327392543
62.7327392543
62.7327392543
62.7327392543
62.7327392543
62.7327392543
62.7327392543
62.7327392543
62.7327392543
62.7327392543
62.7327392543
62.7327392543
62.7327392543
62.7327392543
62.7327392543
62.7327392543
62.7327392543
62.7327392543
62.7327392543
62.7327392543
62.7327392543
62.7327392543
62.7327392543
62.7327392543
62.7327392543
62.7327392543
62.7327392543
62.7327392543
62.7327392543
62.7327392543
62.7327392543
62.7327392543
62.7327392543
62.7327392543
62.7327392543
62.7327392543
62.7327392543
62.7327392543
62.7327392543
62.7327392543
62.7327392543
62.7327392543
62.7327392543
62.7327392543
62.7327392543
62.7327392543
62.7327392543
62.7327392543
62.7327392543
62.7327392543
62.7327392543
62.7327392543
62.7327392543
62.7327392543
62.7327392543
62.7327392543
62.7327392543
62.7327392543
62.7327392543
62.7327392543
62.7327392543
62.7327392543
62.7327392543
62.7327392543
62.7327392543
62.7327392543
62.7327392543
62.7327392543
62.7327392543
62.7327392543
62.7327392543
62.7327392543
62.7327392543
62.7327392543
62.7327392543
62.7327392543
62.7327392543
62.7327392543
62.7327392543
62.7327392543
62.7327392543
62.7327392543
62.7327392543
62.7327392543
62.7327392543
62.7327392543
62.7327392543
62.7327392543
62.7327392543
62.7327392543
62.7327392543
62.7327392543
62.7327392543
62.7327392543
62.7327392543
62.7327392543
62.7327392543
62.7327392543
62.7327392543
62.7327392543
62.7327392543
62.7327392543
62.7327392543
62.7327392543
62.7327392543
62.7327392543
62.7327392543
62.7327392543
62.7327392543
62.7327392543
62.7327392543
62.7327392543
62.7327392543
62.7327392543
62.7327392543
62.7327392543
62.7327392543
62.7327392543
62.7327392543
62.7327392543
62.7327392543
62.7327392543
62.7327392543
62.7327392543
62.7327392543
62.7327392543
62.7327392543
62.7327392543
62.7327392543
62.7327392543
62.7327392543
62.7327392543
62.7327392543
62.7327392543
62.7327392543
62.7327392543
62.7327392543
62.7327392543
62.7327392543
62.7327392543
62.7327392543
62.7327392543
62.7327392543
62.7327392543
62.7327392543
62.7327392543
62.7327392543
62.7327392543
62.7327392543
62.7327392543
62.7327392543
62.7327392543
62.7327392543
62.7327392543
62.7327392543
62.7327392543
62.7327392543
62.7327392543
62.7327392543
62.7327392543
62.7327392543
62.7327392543
62.7327392543
62.7327392543
62.7327392543
62.7327392543
62.7327392543
62.7327392543
62.7327392543
62.7327392543
62.7327392543
62.7327392543
62.7327392543
62.7327392543
62.7327392543
62.7327392543
62.7327392543
62.7327392543
62.7327392543
62.7327392543
62.7327392543
62.7327392543
62.7327392543
62.7327392543
62.7327392543
62.7327392543
62.7327392543
62.7327392543
62.7327392543
62.7327392543
62.7327392543
62.7327392543
62.7327392543
62.7327392543
62.7327392543
62.7327392543
62.7327392543
62.7327392543
62.7327392543
62.7327392543
62.7327392543
62.7327392543
62.7327392543
62.7327392543
62.7327392543
62.7327392543
62.7327392543
62.7327392543
62.7327392543
62.7327392543
62.7327392543
62.7327392543
62.7327392543
62.7327392543
62.7327392543
62.7327392543
62.7327392543
62.7327392543
62.7327392543
62.7327392543
62.7327392543
62.7327392543
62.7327392543
62.7327392543
62.7327392543
62.7327392543
62.7327392543
62.7327392543
62.7327392543
62.7327392543
62.7327392543
62.7327392543
62.7327392543
62.7327392543
62.7327392543
62.7327392543
62.7327392543
62.7327392543
62.7327392543
62.7327392543
62.7327392543
62.7327392543
62.7327392543
62.7327392543
62.7327392543
62.7327392543
62.7327392543
62.7327392543
62.7327392543
62.7327392543
62.7327392543
62.7327392543
62.7327392543
62.7327392543
62.7327392543
62.7327392543
62.7327392543
62.7327392543
62.7327392543
62.7327392543
62.7327392543
62.7327392543
62.7327392543
62.7327392543
62.7327392543
62.7327392543
62.7327392543
62.7327392543
62.7327392543
62.7327392543
62.7327392543
62.7327392543
62.7327392543
62.7327392543
62.7327392543
62.7327392543
62.7327392543
62.7327392543
62.7327392543
62.7327392543
62.7327392543
62.7327392543
62.7327392543
62.7327392543
62.7327392543
62.7327392543
62.7327392543
62.7327392543
62.7327392543
62.7327392543
62.7327392543
62.7327392543
62.7327392543
62.7327392543
62.7327392543
62.7327392543
62.7327392543
62.7327392543
62.7327392543
62.7327392543
62.7327392543
62.7327392543
62.7327392543
62.7327392543
62.7327392543
62.7327392543
62.7327392543
62.7327392543
62.7327392543
62.7327392543
62.7327392543
62.7327392543
62.7327392543
62.7327392543
62.7327392543
62.7327392543
62.7327392543
62.7327392543
62.7327392543
62.7327392543
62.7327392543
62.7327392543
62.7327392543
62.7327392543
62.7327392543
62.7327392543
62.7327392543
62.7327392543
62.7327392543
62.7327392543
62.7327392543
62.7327392543
62.7327392543
62.7327392543
62.7327392543
62.7327392543
62.7327392543
62.7327392543
62.7327392543
62.7327392543
62.7327392543
62.7327392543
62.7327392543
62.7327392543
62.7327392543
62.7327392543
62.7327392543
62.7327392543
62.7327392543
62.7327392543
62.7327392543
62.7327392543
62.7327392543
62.7327392543
62.7327392543
62.7327392543
62.7327392543
62.7327392543
62.7327392543
62.7327392543
62.7327392543
62.7327392543
62.7327392543
62.7327392543
62.7327392543
62.7327392543
62.7327392543
62.7327392543
62.7327392543
62.7327392543
62.7327392543
62.7327392543
62.7327392543
62.7327392543
62.7327392543
62.7327392543
62.7327392543
62.7327392543
62.7327392543
62.7327392543
62.7327392543
62.7327392543
62.7327392543
62.7327392543
62.7327392543
62.7327392543
62.7327392543
62.7327392543
62.7327392543
62.7327392543
62.7327392543
62.7327392543
62.7327392543
62.7327392543
62.7327392543
62.7327392543
62.7327392543
62.7327392543
62.7327392543
62.7327392543
62.7327392543
62.7327392543
62.7327392543
62.7327392543
62.7327392543
62.7327392543
62.7327392543
62.7327392543
62.7327392543
62.7327392543
62.7327392543
62.7327392543
62.7327392543
62.7327392543
62.7327392543
62.7327392543
62.7327392543
62.7327392543
62.7327392543
62.7327392543
62.7327392543
62.7327392543
62.7327392543
62.7327392543
62.7327392543
62.7327392543
62.7327392543
62.7327392543
62.7327392543
62.7327392543
62.7327392543
62.7327392543
62.7327392543
62.7327392543
62.7327392543
62.7327392543
62.7327392543
62.7327392543
62.7327392543
62.7327392543
62.7327392543
62.7327392543
62.7327392543
62.7327392543
62.7327392543
62.7327392543
62.7327392543
62.7327392543
62.7327392543
62.7327392543
62.7327392543
62.7327392543
62.7327392543
62.7327392543
62.7327392543
62.7327392543
62.7327392543
62.7327392543
62.7327392543
62.7327392543
62.7327392543
62.7327392543
62.7327392543
62.7327392543
62.7327392543
62.7327392543
62.7327392543
62.7327392543
62.7327392543
62.7327392543
62.7327392543
62.7327392543
62.7327392543
62.7327392543
62.7327392543
62.7327392543
62.7327392543
62.7327392543
62.7327392543
62.7327392543
62.7327392543
62.7327392543
62.7327392543
62.7327392543
62.7327392543
62.7327392543
62.7327392543
62.7327392543
62.7327392543
62.7327392543
62.7327392543
62.7327392543
62.7327392543
62.7327392543
62.7327392543
62.7327392543
62.7327392543
62.7327392543
62.7327392543
62.7327392543
62.7327392543
62.7327392543
62.7327392543
62.7327392543
62.7327392543
62.7327392543
62.7327392543
62.7327392543
62.7327392543
62.7327392543
62.7327392543
62.7327392543
62.7327392543
62.7327392543
62.7327392543
62.7327392543
62.7327392543
62.7327392543
62.7327392543
62.7327392543
62.7327392543
62.7327392543
62.7327392543
62.7327392543
62.7327392543
62.7327392543
62.7327392543
62.7327392543
62.7327392543
62.7327392543
62.7327392543
62.7327392543
62.7327392543
62.7327392543
62.7327392543
62.7327392543
62.7327392543
62.7327392543
62.7327392543
62.7327392543
62.7327392543
62.7327392543
62.7327392543
62.7327392543
62.7327392543
62.7327392543
62.7327392543
62.7327392543
62.7327392543
62.7327392543
62.7327392543
62.7327392543
62.7327392543
62.7327392543
62.7327392543
62.7327392543
62.7327392543
62.7327392543
62.7327392543
62.7327392543
62.7327392543
62.7327392543
62.7327392543
62.7327392543
62.7327392543
62.7327392543
62.7327392543
62.7327392543
62.7327392543
62.7327392543
62.7327392543
62.7327392543
62.7327392543
62.7327392543
62.7327392543
62.7327392543
62.7327392543
62.7327392543
62.7327392543
62.7327392543
62.7327392543
62.7327392543
62.7327392543
62.7327392543
62.7327392543
62.7327392543
62.7327392543
62.7327392543
62.7327392543
62.7327392543
62.7327392543
62.7327392543
62.7327392543
62.7327392543
62.7327392543
62.7327392543
62.7327392543
62.7327392543
62.7327392543
62.7327392543
62.7327392543
62.7327392543
62.7327392543
62.7327392543
62.7327392543
62.7327392543
62.7327392543
62.7327392543
62.7327392543
62.7327392543
62.7327392543
62.7327392543
62.7327392543
62.7327392543
62.7327392543
62.7327392543
62.7327392543
62.7327392543
62.7327392543
62.7327392543
62.7327392543
62.7327392543
62.7327392543
62.7327392543
62.7327392543
62.7327392543
62.7327392543
62.7327392543
62.7327392543
62.7327392543
62.7327392543
62.7327392543
62.7327392543
62.7327392543
62.7327392543
62.7327392543
62.7327392543
62.7327392543
62.7327392543
62.7327392543
62.7327392543
62.7327392543
62.7327392543
62.7327392543
62.7327392543
62.7327392543
62.7327392543
62.7327392543
62.7327392543
62.7327392543
62.7327392543
62.7327392543
62.7327392543
62.7327392543
62.7327392543
62.7327392543
62.7327392543
62.7327392543
62.7327392543
62.7327392543
62.7327392543
62.7327392543
62.7327392543
62.7327392543
62.7327392543
62.7327392543
62.7327392543
62.7327392543
62.7327392543
62.7327392543
62.7327392543
62.7327392543
62.7327392543
62.7327392543
62.7327392543
62.7327392543
62.7327392543
62.7327392543
62.7327392543
62.7327392543
62.7327392543
62.7327392543
62.7327392543
62.7327392543
62.7327392543
62.7327392543
62.7327392543
62.7327392543
62.7327392543
62.7327392543
62.7327392543
62.7327392543
62.7327392543
62.7327392543
62.7327392543
62.7327392543
62.7327392543
62.7327392543
62.7327392543
62.7327392543
62.7327392543
62.7327392543
62.7327392543
62.7327392543
62.7327392543
62.7327392543
62.7327392543
62.7327392543
62.7327392543
62.7327392543
62.7327392543
62.7327392543
62.7327392543
62.7327392543
62.7327392543
62.7327392543
62.7327392543
62.7327392543
62.7327392543
62.7327392543
62.7327392543
62.7327392543
62.7327392543
62.7327392543
62.7327392543
62.7327392543
62.7327392543
62.7327392543
62.7327392543
62.7327392543
62.7327392543
62.7327392543
62.7327392543
62.7327392543
62.7327392543
62.7327392543
62.7327392543
62.7327392543
62.7327392543
62.7327392543
62.7327392543
62.7327392543
62.7327392543
62.7327392543
62.7327392543
62.7327392543
62.7327392543
62.7327392543
62.7327392543
62.7327392543
62.7327392543
62.7327392543
62.7327392543
62.7327392543
62.7327392543
62.7327392543
62.7327392543
62.7327392543
62.7327392543
62.7327392543
62.7327392543
62.7327392543
62.7327392543
62.7327392543
62.7327392543
62.7327392543
62.7327392543
62.7327392543
62.7327392543
62.7327392543
62.7327392543
62.7327392543
62.7327392543
62.7327392543
62.7327392543
62.7327392543
62.7327392543
62.7327392543
62.7327392543
62.7327392543
62.7327392543
62.7327392543
62.7327392543
62.7327392543
62.7327392543
62.7327392543
62.7327392543
62.7327392543
62.7327392543
62.7327392543
62.7327392543
62.7327392543
62.7327392543
62.7327392543
62.7327392543
62.7327392543
62.7327392543
62.7327392543
62.7327392543
62.7327392543
62.7327392543
62.7327392543
62.7327392543
62.7327392543
62.7327392543
62.7327392543
62.7327392543
62.7327392543
62.7327392543
62.7327392543
62.7327392543
62.7327392543
62.7327392543
62.7327392543
62.7327392543
62.7327392543
62.7327392543
62.7327392543
62.7327392543
62.7327392543
62.7327392543
62.7327392543
62.7327392543
62.7327392543
62.7327392543
62.7327392543
62.7327392543
62.7327392543
62.7327392543
62.7327392543
62.7327392543
62.7327392543
62.7327392543
62.7327392543
62.7327392543
62.7327392543
62.7327392543
62.7327392543
62.7327392543
62.7327392543
62.7327392543
62.7327392543
62.7327392543
62.7327392543
62.7327392543
62.7327392543
62.7327392543
62.7327392543
62.7327392543
62.7327392543
62.7327392543
62.7327392543
62.7327392543
62.7327392543
62.7327392543
62.7327392543
62.7327392543
62.7327392543
62.7327392543
62.7327392543
62.7327392543
62.7327392543
62.7327392543
62.7327392543
62.7327392543
62.7327392543
62.7327392543
62.7327392543
62.7327392543
62.7327392543
62.7327392543
62.7327392543
62.7327392543
62.7327392543
62.7327392543
62.7327392543
62.7327392543
62.7327392543
62.7327392543
62.7327392543
62.7327392543
62.7327392543
62.7327392543
62.7327392543
62.7327392543
62.7327392543
62.7327392543
62.7327392543
62.7327392543
62.7327392543
62.7327392543
62.7327392543
62.7327392543
62.7327392543
62.7327392543
62.7327392543
62.7327392543
62.7327392543
62.7327392543
62.7327392543
62.7327392543
62.7327392543
62.7327392543
62.7327392543
62.7327392543
62.7327392543
62.7327392543
62.7327392543
62.7327392543
62.7327392543
62.7327392543
62.7327392543
62.7327392543
62.7327392543
62.7327392543
62.7327392543
62.7327392543
62.7327392543
62.7327392543
62.7327392543
62.7327392543
62.7327392543
62.7327392543
62.7327392543
62.7327392543
62.7327392543
62.7327392543
62.7327392543
62.7327392543
62.7327392543
62.7327392543
62.7327392543
62.7327392543
62.7327392543
62.7327392543
62.7327392543
62.7327392543
62.7327392543
62.7327392543
62.7327392543
62.7327392543
62.7327392543
62.7327392543
62.7327392543
62.7327392543
62.7327392543
62.7327392543
62.7327392543
62.7327392543
62.7327392543
62.7327392543
62.7327392543
62.7327392543
62.7327392543
62.7327392543
62.7327392543
62.7327392543
62.7327392543
62.7327392543
62.7327392543
62.7327392543
62.7327392543
62.7327392543
62.7327392543
62.7327392543
62.7327392543
62.7327392543
62.7327392543
62.7327392543
62.7327392543
62.7327392543
62.7327392543
62.7327392543
62.7327392543
62.7327392543
62.7327392543
62.7327392543
62.7327392543
62.7327392543
62.7327392543
62.7327392543
62.7327392543
62.7327392543
62.7327392543
62.7327392543
62.7327392543
62.7327392543
62.7327392543
62.7327392543
62.7327392543
62.7327392543
62.7327392543
62.7327392543
62.7327392543
62.7327392543
62.7327392543
62.7327392543
62.7327392543
62.7327392543
62.7327392543
62.7327392543
62.7327392543
62.7327392543
62.7327392543
62.7327392543
62.7327392543
62.7327392543
62.7327392543
62.7327392543
62.7327392543
62.7327392543
62.7327392543
62.7327392543
62.7327392543
62.7327392543
62.7327392543
62.7327392543
62.7327392543
62.7327392543
62.7327392543
62.7327392543
62.7327392543
62.7327392543
62.7327392543
62.7327392543
62.7327392543
62.7327392543
62.7327392543
62.7327392543
62.7327392543
62.7327392543
62.7327392543
62.7327392543
62.7327392543
62.7327392543
62.7327392543
62.7327392543
62.7327392543
62.7327392543
62.7327392543
62.7327392543
62.7327392543
62.7327392543
62.7327392543
62.7327392543
62.7327392543
62.7327392543
62.7327392543
62.7327392543
62.7327392543
62.7327392543
62.7327392543
62.7327392543
62.7327392543
62.7327392543
62.7327392543
62.7327392543
62.7327392543
62.7327392543
62.7327392543
62.7327392543
62.7327392543
62.7327392543
62.7327392543
62.7327392543
62.7327392543
62.7327392543
62.7327392543
62.7327392543
62.7327392543
62.7327392543
62.7327392543
62.7327392543
62.7327392543
62.7327392543
62.7327392543
62.7327392543
62.7327392543
62.7327392543
62.7327392543
62.7327392543
62.7327392543
62.7327392543
62.7327392543
62.7327392543
62.7327392543
62.7327392543
62.7327392543
62.7327392543
62.7327392543
62.7327392543
62.7327392543
62.7327392543
62.7327392543
62.7327392543
62.7327392543
62.7327392543
62.7327392543
62.7327392543
62.7327392543
62.7327392543
62.7327392543
62.7327392543
62.7327392543
62.7327392543
62.7327392543
62.7327392543
62.7327392543
62.7327392543
62.7327392543
62.7327392543
62.7327392543
62.7327392543
62.7327392543
62.7327392543
62.7327392543
62.7327392543
62.7327392543
62.7327392543
62.7327392543
62.7327392543
62.7327392543
62.7327392543
62.7327392543
62.7327392543
62.7327392543
62.7327392543
62.7327392543
62.7327392543
62.7327392543
62.7327392543
62.7327392543
62.7327392543
62.7327392543
62.7327392543
62.7327392543
62.7327392543
62.7327392543
62.7327392543
62.7327392543
62.7327392543
62.7327392543
62.7327392543
62.7327392543
62.7327392543
62.7327392543
62.7327392543
62.7327392543
62.7327392543
62.7327392543
62.7327392543
62.7327392543
62.7327392543
62.7327392543
62.7327392543
62.7327392543
62.7327392543
62.7327392543
62.7327392543
62.7327392543
62.7327392543
62.7327392543
62.7327392543
62.7327392543
62.7327392543
62.7327392543
62.7327392543
62.7327392543
62.7327392543
62.7327392543
62.7327392543
62.7327392543
62.7327392543
62.7327392543
62.7327392543
62.7327392543
62.7327392543
62.7327392543
62.7327392543
62.7327392543
62.7327392543
62.7327392543
62.7327392543
62.7327392543
62.7327392543
62.7327392543
62.7327392543
62.7327392543
62.7327392543
62.7327392543
62.7327392543
62.7327392543
62.7327392543
62.7327392543
62.7327392543
62.7327392543
62.7327392543
62.7327392543
62.7327392543
62.7327392543
62.7327392543
62.7327392543
62.7327392543
62.7327392543
62.7327392543
62.7327392543
62.7327392543
62.7327392543
62.7327392543
62.7327392543
62.7327392543
62.7327392543
62.7327392543
62.7327392543
62.7327392543
62.7327392543
62.7327392543
62.7327392543
62.7327392543
62.7327392543
62.7327392543
62.7327392543
62.7327392543
62.7327392543
62.7327392543
62.7327392543
62.7327392543
62.7327392543
62.7327392543
62.7327392543
62.7327392543
62.7327392543
62.7327392543
62.7327392543
62.7327392543
62.7327392543
62.7327392543
62.7327392543
62.7327392543
62.7327392543
62.7327392543
62.7327392543
62.7327392543
62.7327392543
62.7327392543
62.7327392543
62.7327392543
62.7327392543
62.7327392543
62.7327392543
62.7327392543
62.7327392543
62.7327392543
62.7327392543
62.7327392543
62.7327392543
62.7327392543
62.7327392543
62.7327392543
62.7327392543
62.7327392543
62.7327392543
62.7327392543
62.7327392543
62.7327392543
62.7327392543
62.7327392543
62.7327392543
62.7327392543
62.7327392543
62.7327392543
62.7327392543
62.7327392543
62.7327392543
62.7327392543
62.7327392543
62.7327392543
62.7327392543
62.7327392543
62.7327392543
62.7327392543
62.7327392543
62.7327392543
62.7327392543
62.7327392543
62.7327392543
62.7327392543
62.7327392543
62.7327392543
62.7327392543
62.7327392543
62.7327392543
62.7327392543
62.7327392543
62.7327392543
62.7327392543
62.7327392543
62.7327392543
62.7327392543
62.7327392543
62.7327392543
62.7327392543
62.7327392543
62.7327392543
62.7327392543
62.7327392543
62.7327392543
62.7327392543
62.7327392543
62.7327392543
62.7327392543
62.7327392543
62.7327392543
62.7327392543
62.7327392543
62.7327392543
62.7327392543
62.7327392543
62.7327392543
62.7327392543
62.7327392543
62.7327392543
62.7327392543
62.7327392543
62.7327392543
62.7327392543
62.7327392543
62.7327392543
62.7327392543
62.7327392543
62.7327392543
62.7327392543
62.7327392543
62.7327392543
62.7327392543
62.7327392543
62.7327392543
62.7327392543
62.7327392543
62.7327392543
62.7327392543
62.7327392543
62.7327392543
62.7327392543
62.7327392543
62.7327392543
62.7327392543
62.7327392543
62.7327392543
62.7327392543
62.7327392543
62.7327392543
62.7327392543
62.7327392543
62.7327392543
62.7327392543
62.7327392543
62.7327392543
62.7327392543
62.7327392543
62.7327392543
62.7327392543
62.7327392543
62.7327392543
62.7327392543
62.7327392543
62.7327392543
62.7327392543
62.7327392543
62.7327392543
62.7327392543
62.7327392543
62.7327392543
62.7327392543
62.7327392543
62.7327392543
62.7327392543
62.7327392543
62.7327392543
62.7327392543
62.7327392543
62.7327392543
62.7327392543
62.7327392543
62.7327392543
62.7327392543
62.7327392543
62.7327392543
62.7327392543
62.7327392543
62.7327392543
62.7327392543
62.7327392543
62.7327392543
62.7327392543
62.7327392543
62.7327392543
62.7327392543
62.7327392543
62.7327392543
62.7327392543
62.7327392543
62.7327392543
62.7327392543
62.7327392543
62.7327392543
62.7327392543
62.7327392543
62.7327392543
62.7327392543
62.7327392543
62.7327392543
62.7327392543
62.7327392543
62.7327392543
62.7327392543
62.7327392543
62.7327392543
62.7327392543
62.7327392543
62.7327392543
62.7327392543
62.7327392543
62.7327392543
62.7327392543
62.7327392543
62.7327392543
62.7327392543
62.7327392543
62.7327392543
62.7327392543
62.7327392543
62.7327392543
62.7327392543
62.7327392543
62.7327392543
62.7327392543
62.7327392543
62.7327392543
62.7327392543
62.7327392543
62.7327392543
62.7327392543
62.7327392543
62.7327392543
62.7327392543
62.7327392543
62.7327392543
62.7327392543
62.7327392543
62.7327392543
62.7327392543
62.7327392543
62.7327392543
62.7327392543
62.7327392543
62.7327392543
62.7327392543
62.7327392543
62.7327392543
62.7327392543
62.7327392543
62.7327392543
62.7327392543
62.7327392543
62.7327392543
62.7327392543
62.7327392543
62.7327392543
62.7327392543
62.7327392543
62.7327392543
62.7327392543
62.7327392543
62.7327392543
62.7327392543
62.7327392543
62.7327392543
62.7327392543
62.7327392543
62.7327392543
62.7327392543
62.7327392543
62.7327392543
62.7327392543
62.7327392543
62.7327392543
62.7327392543
62.7327392543
62.7327392543
62.7327392543
62.7327392543
62.7327392543
62.7327392543
62.7327392543
62.7327392543
62.7327392543
62.7327392543
62.7327392543
62.7327392543
62.7327392543
62.7327392543
62.7327392543
62.7327392543
62.7327392543
62.7327392543
62.7327392543
62.7327392543
62.7327392543
62.7327392543
62.7327392543
62.7327392543
62.7327392543
62.7327392543
62.7327392543
62.7327392543
62.7327392543
62.7327392543
62.7327392543
62.7327392543
62.7327392543
62.7327392543
62.7327392543
62.7327392543
62.7327392543
62.7327392543
62.7327392543
62.7327392543
62.7327392543
62.7327392543
62.7327392543
62.7327392543
62.7327392543
62.7327392543
62.7327392543
62.7327392543
62.7327392543
62.7327392543
62.7327392543
62.7327392543
62.7327392543
62.7327392543
62.7327392543
62.7327392543
62.7327392543
62.7327392543
62.7327392543
62.7327392543
62.7327392543
62.7327392543
62.7327392543
62.7327392543
62.7327392543
62.7327392543
62.7327392543
62.7327392543
62.7327392543
62.7327392543
62.7327392543
62.7327392543
62.7327392543
62.7327392543
62.7327392543
62.7327392543
62.7327392543
62.7327392543
62.7327392543
62.7327392543
62.7327392543
62.7327392543
62.7327392543
62.7327392543
62.7327392543
62.7327392543
62.7327392543
62.7327392543
62.7327392543
62.7327392543
62.7327392543
62.7327392543
62.7327392543
62.7327392543
62.7327392543
62.7327392543
62.7327392543
62.7327392543
62.7327392543
62.7327392543
62.7327392543
62.7327392543
62.7327392543
62.7327392543
62.7327392543
62.7327392543
62.7327392543
62.7327392543
62.7327392543
62.7327392543
62.7327392543
62.7327392543
62.7327392543
62.7327392543
62.7327392543
62.7327392543
62.7327392543
62.7327392543
62.7327392543
62.7327392543
62.7327392543
62.7327392543
62.7327392543
62.7327392543
62.7327392543
62.7327392543
62.7327392543
62.7327392543
62.7327392543
62.7327392543
62.7327392543
62.7327392543
62.7327392543
62.7327392543
62.7327392543
62.7327392543
62.7327392543
62.7327392543
62.7327392543
62.7327392543
62.7327392543
62.7327392543
62.7327392543
62.7327392543
62.7327392543
62.7327392543
62.7327392543
62.7327392543
62.7327392543
62.7327392543
62.7327392543
62.7327392543
62.7327392543
62.7327392543
62.7327392543
62.7327392543
62.7327392543
62.7327392543
62.7327392543
62.7327392543
62.7327392543
62.7327392543
62.7327392543
62.7327392543
62.7327392543
62.7327392543
62.7327392543
62.7327392543
62.7327392543
62.7327392543
62.7327392543
62.7327392543
62.7327392543
62.7327392543
62.7327392543
62.7327392543
62.7327392543
62.7327392543
62.7327392543
62.7327392543
62.7327392543
62.7327392543
62.7327392543
62.7327392543
62.7327392543
62.7327392543
62.7327392543
62.7327392543
62.7327392543
62.7327392543
62.7327392543
62.7327392543
62.7327392543
62.7327392543
62.7327392543
62.7327392543
62.7327392543
62.7327392543
62.7327392543
62.7327392543
62.7327392543
62.7327392543
62.7327392543
62.7327392543
62.7327392543
62.7327392543
62.7327392543
62.7327392543
62.7327392543
62.7327392543
62.7327392543
62.7327392543
62.7327392543
62.7327392543
62.7327392543
62.7327392543
62.7327392543
62.7327392543
62.7327392543
62.7327392543
62.7327392543
62.7327392543
62.7327392543
62.7327392543
62.7327392543
62.7327392543
62.7327392543
62.7327392543
62.7327392543
62.7327392543
62.7327392543
62.7327392543
62.7327392543
62.7327392543
62.7327392543
62.7327392543
62.7327392543
62.7327392543
62.7327392543
62.7327392543
62.7327392543
62.7327392543
62.7327392543
62.7327392543
62.7327392543
62.7327392543
62.7327392543
62.7327392543
62.7327392543
62.7327392543
62.7327392543
62.7327392543
62.7327392543
62.7327392543
62.7327392543
62.7327392543
62.7327392543
62.7327392543
62.7327392543
62.7327392543
62.7327392543
62.7327392543
62.7327392543
62.7327392543
62.7327392543
62.7327392543
62.7327392543
62.7327392543
62.7327392543
62.7327392543
62.7327392543
62.7327392543
62.7327392543
62.7327392543
62.7327392543
62.7327392543
62.7327392543
62.7327392543
62.7327392543
62.7327392543
62.7327392543
62.7327392543
62.7327392543
62.7327392543
62.7327392543
62.7327392543
62.7327392543
62.7327392543
62.7327392543
62.7327392543
62.7327392543
62.7327392543
62.7327392543
62.7327392543
62.7327392543
62.7327392543
62.7327392543
62.7327392543
62.7327392543
62.7327392543
62.7327392543
62.7327392543
62.7327392543
62.7327392543
62.7327392543
62.7327392543
62.7327392543
62.7327392543
62.7327392543
62.7327392543
62.7327392543
62.7327392543
62.7327392543
62.7327392543
62.7327392543
62.7327392543
62.7327392543
62.7327392543
62.7327392543
62.7327392543
62.7327392543
62.7327392543
62.7327392543
62.7327392543
62.7327392543
62.7327392543
62.7327392543
62.7327392543
62.7327392543
62.7327392543
62.7327392543
62.7327392543
62.7327392543
62.7327392543
62.7327392543
62.7327392543
62.7327392543
62.7327392543
62.7327392543
62.7327392543
62.7327392543
62.7327392543
62.7327392543
62.7327392543
62.7327392543
62.7327392543
62.7327392543
62.7327392543
62.7327392543
62.7327392543
62.7327392543
62.7327392543
62.7327392543
62.7327392543
62.7327392543
62.7327392543
62.7327392543
62.7327392543
62.7327392543
62.7327392543
62.7327392543
62.7327392543
62.7327392543
62.7327392543
62.7327392543
62.7327392543
62.7327392543
62.7327392543
62.7327392543
62.7327392543
62.7327392543
62.7327392543
62.7327392543
62.7327392543
62.7327392543
62.7327392543
62.7327392543
62.7327392543
62.7327392543
62.7327392543
62.7327392543
62.7327392543
62.7327392543
62.7327392543
62.7327392543
62.7327392543
62.7327392543
62.7327392543
62.7327392543
62.7327392543
62.7327392543
62.7327392543
62.7327392543
62.7327392543
62.7327392543
62.7327392543
62.7327392543
62.7327392543
62.7327392543
62.7327392543
62.7327392543
62.7327392543
62.7327392543
62.7327392543
62.7327392543
62.7327392543
62.7327392543
62.7327392543
62.7327392543
62.7327392543
62.7327392543
62.7327392543
62.7327392543
62.7327392543
62.7327392543
62.7327392543
62.7327392543
62.7327392543
62.7327392543
62.7327392543
62.7327392543
62.7327392543
62.7327392543
62.7327392543
62.7327392543
62.7327392543
62.7327392543
62.7327392543
62.7327392543
62.7327392543
62.7327392543
62.7327392543
62.7327392543
62.7327392543
62.7327392543
62.7327392543
62.7327392543
62.7327392543
62.7327392543
62.7327392543
62.7327392543
62.7327392543
62.7327392543
62.7327392543
62.7327392543
62.7327392543
62.7327392543
62.7327392543
62.7327392543
62.7327392543
62.7327392543
62.7327392543
62.7327392543
62.7327392543
62.7327392543
62.7327392543
62.7327392543
62.7327392543
62.7327392543
62.7327392543
62.7327392543
62.7327392543
62.7327392543
62.7327392543
62.7327392543
62.7327392543
62.7327392543
62.7327392543
62.7327392543
62.7327392543
62.7327392543
62.7327392543
62.7327392543
62.7327392543
62.7327392543
62.7327392543
62.7327392543
62.7327392543
62.7327392543
62.7327392543
62.7327392543
62.7327392543
62.7327392543
62.7327392543
62.7327392543
62.7327392543
62.7327392543
62.7327392543
62.7327392543
62.7327392543
62.7327392543
62.7327392543
62.7327392543
62.7327392543
62.7327392543
62.7327392543
62.7327392543
62.7327392543
62.7327392543
62.7327392543
62.7327392543
62.7327392543
62.7327392543
62.7327392543
62.7327392543
62.7327392543
62.7327392543
62.7327392543
62.7327392543
62.7327392543
62.7327392543
62.7327392543
62.7327392543
62.7327392543
62.7327392543
62.7327392543
62.7327392543
62.7327392543
62.7327392543
62.7327392543
62.7327392543
62.7327392543
62.7327392543
62.7327392543
62.7327392543
62.7327392543
62.7327392543
62.7327392543
62.7327392543
62.7327392543
62.7327392543
62.7327392543
62.7327392543
62.7327392543
62.7327392543
62.7327392543
62.7327392543
62.7327392543
62.7327392543
62.7327392543
62.7327392543
62.7327392543
62.7327392543
62.7327392543
62.7327392543
62.7327392543
62.7327392543
62.7327392543
62.7327392543
62.7327392543
62.7327392543
62.7327392543
62.7327392543
62.7327392543
62.7327392543
62.7327392543
62.7327392543
62.7327392543
62.7327392543
62.7327392543
62.7327392543
62.7327392543
62.7327392543
62.7327392543
62.7327392543
62.7327392543
62.7327392543
62.7327392543
62.7327392543
62.7327392543
62.7327392543
62.7327392543
62.7327392543
62.7327392543
62.7327392543
62.7327392543
62.7327392543
62.7327392543
62.7327392543
62.7327392543
62.7327392543
62.7327392543
62.7327392543
62.7327392543
62.7327392543
62.7327392543
62.7327392543
62.7327392543
62.7327392543
62.7327392543
62.7327392543
62.7327392543
62.7327392543
62.7327392543
62.7327392543
62.7327392543
62.7327392543
62.7327392543
62.7327392543
62.7327392543
62.7327392543
62.7327392543
62.7327392543
62.7327392543
62.7327392543
62.7327392543
62.7327392543
62.7327392543
62.7327392543
62.7327392543
62.7327392543
62.7327392543
62.7327392543
62.7327392543
62.7327392543
62.7327392543
62.7327392543
62.7327392543
62.7327392543
62.7327392543
62.7327392543
62.7327392543
62.7327392543
62.7327392543
62.7327392543
62.7327392543
62.7327392543
62.7327392543
62.7327392543
62.7327392543
62.7327392543
62.7327392543
62.7327392543
62.7327392543
62.7327392543
62.7327392543
62.7327392543
62.7327392543
62.7327392543
62.7327392543
62.7327392543
62.7327392543
62.7327392543
62.7327392543
62.7327392543
62.7327392543
62.7327392543
62.7327392543
62.7327392543
62.7327392543
62.7327392543
62.7327392543
62.7327392543
62.7327392543
62.7327392543
62.7327392543
62.7327392543
62.7327392543
62.7327392543
62.7327392543
62.7327392543
62.7327392543
62.7327392543
62.7327392543
62.7327392543
62.7327392543
62.7327392543
62.7327392543
62.7327392543
62.7327392543
62.7327392543
62.7327392543
62.7327392543
62.7327392543
62.7327392543
62.7327392543
62.7327392543
62.7327392543
62.7327392543
62.7327392543
62.7327392543
62.7327392543
62.7327392543
62.7327392543
62.7327392543
62.7327392543
62.7327392543
62.7327392543
62.7327392543
62.7327392543
62.7327392543
62.7327392543
62.7327392543
62.7327392543
62.7327392543
62.7327392543
62.7327392543
62.7327392543
62.7327392543
62.7327392543
62.7327392543
62.7327392543
62.7327392543
62.7327392543
62.7327392543
62.7327392543
62.7327392543
62.7327392543
62.7327392543
62.7327392543
62.7327392543
62.7327392543
62.7327392543
62.7327392543
62.7327392543
62.7327392543
62.7327392543
62.7327392543
62.7327392543
62.7327392543
62.7327392543
62.7327392543
62.7327392543
62.7327392543
62.7327392543
62.7327392543
62.7327392543
62.7327392543
62.7327392543
62.7327392543
62.7327392543
62.7327392543
62.7327392543
62.7327392543
62.7327392543
62.7327392543
62.7327392543
62.7327392543
62.7327392543
62.7327392543
62.7327392543
62.7327392543
62.7327392543
62.7327392543
62.7327392543
62.7327392543
62.7327392543
62.7327392543
62.7327392543
62.7327392543
62.7327392543
62.7327392543
62.7327392543
62.7327392543
62.7327392543
62.7327392543
62.7327392543
62.7327392543
62.7327392543
62.7327392543
62.7327392543
62.7327392543
62.7327392543
62.7327392543
62.7327392543
62.7327392543
62.7327392543
62.7327392543
62.7327392543
62.7327392543
62.7327392543
62.7327392543
62.7327392543
62.7327392543
62.7327392543
62.7327392543
62.7327392543
62.7327392543
62.7327392543
62.7327392543
62.7327392543
62.7327392543
62.7327392543
62.7327392543
62.7327392543
62.7327392543
62.7327392543
62.7327392543
62.7327392543
62.7327392543
62.7327392543
62.7327392543
62.7327392543
62.7327392543
62.7327392543
62.7327392543
62.7327392543
62.7327392543
62.7327392543
62.7327392543
62.7327392543
62.7327392543
62.7327392543
62.7327392543
62.7327392543
62.7327392543
62.7327392543
62.7327392543
62.7327392543
62.7327392543
62.7327392543
62.7327392543
62.7327392543
62.7327392543
62.7327392543
62.7327392543
62.7327392543
62.7327392543
62.7327392543
62.7327392543
62.7327392543
62.7327392543
62.7327392543
62.7327392543
62.7327392543
62.7327392543
62.7327392543
62.7327392543
62.7327392543
62.7327392543
62.7327392543
62.7327392543
62.7327392543
62.7327392543
62.7327392543
62.7327392543
62.7327392543
62.7327392543
62.7327392543
62.7327392543
62.7327392543
62.7327392543
62.7327392543
62.7327392543
62.7327392543
62.7327392543
62.7327392543
62.7327392543
62.7327392543
62.7327392543
62.7327392543
62.7327392543
62.7327392543
62.7327392543
62.7327392543
62.7327392543
62.7327392543
62.7327392543
62.7327392543
62.7327392543
62.7327392543
62.7327392543
62.7327392543
62.7327392543
62.7327392543
62.7327392543
62.7327392543
62.7327392543
62.7327392543
62.7327392543
62.7327392543
62.7327392543
62.7327392543
62.7327392543
62.7327392543
62.7327392543
62.7327392543
62.7327392543
62.7327392543
62.7327392543
62.7327392543
62.7327392543
62.7327392543
62.7327392543
62.7327392543
62.7327392543
62.7327392543
62.7327392543
62.7327392543
62.7327392543
62.7327392543
62.7327392543
62.7327392543
62.7327392543
62.7327392543
62.7327392543
62.7327392543
62.7327392543
62.7327392543
62.7327392543
62.7327392543
62.7327392543
62.7327392543
62.7327392543
62.7327392543
62.7327392543
62.7327392543
62.7327392543
62.7327392543
62.7327392543
62.7327392543
62.7327392543
62.7327392543
62.7327392543
62.7327392543
62.7327392543
62.7327392543
62.7327392543
62.7327392543
62.7327392543
62.7327392543
62.7327392543
62.7327392543
62.7327392543
62.7327392543
62.7327392543
62.7327392543
62.7327392543
62.7327392543
62.7327392543
62.7327392543
62.7327392543
62.7327392543
62.7327392543
62.7327392543
62.7327392543
62.7327392543
62.7327392543
62.7327392543
62.7327392543
62.7327392543
62.7327392543
62.7327392543
62.7327392543
62.7327392543
62.7327392543
62.7327392543
62.7327392543
62.7327392543
62.7327392543
62.7327392543
62.7327392543
62.7327392543
62.7327392543
62.7327392543
62.7327392543
62.7327392543
62.7327392543
62.7327392543
62.7327392543
62.7327392543
62.7327392543
62.7327392543
62.7327392543
62.7327392543
62.7327392543
62.7327392543
62.7327392543
62.7327392543
62.7327392543
62.7327392543
62.7327392543
62.7327392543
62.7327392543
62.7327392543
62.7327392543
62.7327392543
62.7327392543
62.7327392543
62.7327392543
62.7327392543
62.7327392543
62.7327392543
62.7327392543
62.7327392543
62.7327392543
62.7327392543
62.7327392543
62.7327392543
62.7327392543
62.7327392543
62.7327392543
62.7327392543
62.7327392543
62.7327392543
62.7327392543
62.7327392543
62.7327392543
62.7327392543
62.7327392543
62.7327392543
62.7327392543
62.7327392543
62.7327392543
62.7327392543
62.7327392543
62.7327392543
62.7327392543
62.7327392543
62.7327392543
62.7327392543
62.7327392543
62.7327392543
62.7327392543
62.7327392543
