436.19364472406784
436.19364472406784
436.19364472406784
436.19364472406784
436.19364472406784
436.19364472406784
436.19364472406784
436.19364472406784
409.1267187616294
409.1267187616294
409.1267187616294
409.1267187616294
409.1267187616294
409.1267187616294
372.06563975128205
372.06563975128205
372.06563975128205
372.06563975128205
372.06563975128205
372.06563975128205
372.06563975128205
372.06563975128205
372.06563975128205
372.06563975128205
372.06563975128205
366.93304403916903
366.93304403916903
366.93304403916903
366.93304403916903
366.93304403916903
366.93304403916903
343.96851346567325
343.96851346567325
343.96851346567325
339.27958046497037
339.27958046497037
339.27958046497037
339.27958046497037
339.27958046497037
339.27958046497037
339.27958046497037
339.27958046497037
339.27958046497037
339.27958046497037
339.27958046497037
339.27958046497037
339.27958046497037
335.5222596318612
301.3313195373016
301.3313195373016
301.3313195373016
301.3313195373016
301.3313195373016
301.3313195373016
301.3313195373016
301.3313195373016
301.3313195373016
301.3313195373016
301.3313195373016
301.3313195373016
301.3313195373016
297.94412812583863
297.94412812583863
297.94412812583863
297.94412812583863
297.94412812583863
297.94412812583863
289.18013262210656
262.1077936889564
262.1077936889564
262.1077936889564
262.1077936889564
262.1077936889564
262.1077936889564
262.1077936889564
262.1077936889564
262.1077936889564
262.1077936889564
262.1077936889564
236.03954259685605
236.03954259685605
236.03954259685605
236.03954259685605
236.03954259685605
236.03954259685605
236.03954259685605
236.03954259685605
236.03954259685605
236.03954259685605
236.03954259685605
236.03954259685605
236.03954259685605
236.03954259685605
236.03954259685605
236.03954259685605
216.87098632481198
216.87098632481198
216.87098632481198
216.87098632481198
216.87098632481198
216.87098632481198
216.87098632481198
216.87098632481198
216.87098632481198
216.87098632481198
216.87098632481198
216.87098632481198
216.87098632481198
216.87098632481198
216.87098632481198
216.87098632481198
213.9324238703854
213.9324238703854
213.9324238703854
212.66562492042047
212.66562492042047
212.66562492042047
212.66562492042047
212.66562492042047
212.66562492042047
212.66562492042047
211.0045766003985
208.54399890742656
208.54399890742656
207.55263149199166
201.95497537095372
201.95497537095372
194.78145928446546
194.78145928446546
194.78145928446546
194.78145928446546
194.78145928446546
194.78145928446546
194.78145928446546
194.78145928446546
194.78145928446546
194.42768837305078
194.42768837305078
194.42768837305078
194.42768837305078
194.42768837305078
194.42768837305078
194.42768837305078
188.22852649520019
180.79432606188055
180.79432606188055
180.79432606188055
180.79432606188055
180.79432606188055
180.79432606188055
180.4727831066396
180.4727831066396
180.4727831066396
174.172930274644
174.172930274644
174.172930274644
174.172930274644
174.172930274644
174.172930274644
174.172930274644
174.172930274644
174.172930274644
174.172930274644
174.172930274644
163.66815812844882
163.66815812844882
163.66815812844882
163.66815812844882
163.66815812844882
163.66815812844882
163.66815812844882
163.66815812844882
163.66815812844882
158.99272293512615
155.41870204199301
154.89227127799032
151.6695816486639
151.6695816486639
151.6695816486639
151.6695816486639
151.6695816486639
151.6695816486639
151.6695816486639
151.6695816486639
151.6695816486639
151.6695816486639
151.6695816486639
151.6695816486639
144.3950405408793
144.3950405408793
144.3950405408793
144.3950405408793
142.56209538252978
142.27510221175612
142.27510221175612
142.04279735768807
142.04279735768807
142.04279735768807
142.04279735768807
142.04279735768807
142.04279735768807
141.37427720922693
141.37427720922693
138.6460787586093
138.6460787586093
138.6460787586093
138.6460787586093
138.6460787586093
138.6460787586093
138.6460787586093
138.6460787586093
135.62414183603917
135.62414183603917
135.62414183603917
135.62414183603917
135.62414183603917
135.62414183603917
135.62414183603917
135.62414183603917
135.62414183603917
135.62414183603917
135.62414183603917
135.62414183603917
132.28833556466117
132.28833556466117
132.28833556466117
132.28833556466117
132.28833556466117
131.92040918171176
131.92040918171176
131.92040918171176
131.92040918171176
131.62592209059403
131.62592209059403
131.62592209059403
131.62592209059403
131.59327970985538
131.59327970985538
131.59327970985538
131.59327970985538
131.59327970985538
131.59327970985538
128.08135903469656
126.28397173208684
126.28397173208684
126.28397173208684
126.28397173208684
126.28397173208684
116.83642452674583
116.83642452674583
116.83642452674583
116.83642452674583
116.83642452674583
116.83642452674583
116.83642452674583
116.83642452674583
116.83642452674583
116.83642452674583
116.83642452674583
116.79233344418978
116.79233344418978
116.79233344418978
116.79233344418978
116.79233344418978
116.79233344418978
114.61958900389637
114.61958900389637
114.61958900389637
114.61958900389637
114.61958900389637
114.61958900389637
114.61958900389637
114.61958900389637
114.61958900389637
114.61958900389637
114.61958900389637
114.61958900389637
114.61958900389637
114.61958900389637
114.61958900389637
114.61958900389637
114.61958900389637
114.61958900389637
114.61958900389637
114.61958900389637
114.61958900389637
114.10000572440464
113.81556602077538
113.81556602077538
112.15582035590847
112.15582035590847
112.15582035590847
112.15582035590847
112.15582035590847
112.15582035590847
111.31563057216766
111.31563057216766
111.31563057216766
111.31563057216766
111.31563057216766
111.31563057216766
111.31563057216766
111.31563057216766
111.31563057216766
111.31563057216766
111.31563057216766
111.31563057216766
111.31563057216766
111.31563057216766
111.18280099956945
111.18280099956945
111.18280099956945
111.18280099956945
111.18280099956945
111.18280099956945
111.18280099956945
111.18280099956945
111.18280099956945
111.18280099956945
111.18280099956945
111.18280099956945
110.76092625416719
110.76092625416719
110.76092625416719
110.76092625416719
110.76092625416719
110.76092625416719
110.76092625416719
110.76092625416719
110.76092625416719
110.76092625416719
110.76092625416719
110.76092625416719
110.76092625416719
110.53115465618527
110.53115465618527
110.53115465618527
110.53115465618527
108.65555154526642
108.65555154526642
108.65555154526642
108.65555154526642
108.65555154526642
108.65555154526642
108.30362751369324
108.30362751369324
108.30362751369324
107.81472139191358
107.81472139191358
107.81472139191358
107.81472139191358
107.76738879508926
107.76738879508926
107.76738879508926
107.02450436231551
106.95181966228367
106.95181966228367
106.95181966228367
106.95181966228367
106.95181966228367
106.4047183922406
106.13936511624347
106.13936511624347
106.13936511624347
106.08772606272554
106.08772606272554
106.08772606272554
106.08772606272554
106.08772606272554
106.08772606272554
106.08772606272554
106.08772606272554
105.5567850420725
105.5567850420725
105.17716488426315
104.11819216824455
104.07419314405192
104.03846558858761
104.03846558858761
102.2772559059797
101.30751036934782
101.16231350780217
101.16231350780217
101.06870907432157
101.06870907432157
101.06870907432157
101.06870907432157
100.32412014305194
99.43645647438024
99.43645647438024
99.43645647438024
99.43645647438024
99.43645647438024
99.43645647438024
99.43645647438024
99.43645647438024
99.43645647438024
99.43645647438024
99.43645647438024
99.43645647438024
99.43645647438024
98.3489642673494
98.3489642673494
98.3489642673494
98.3489642673494
97.7934309349209
97.7934309349209
97.7934309349209
97.7934309349209
97.7934309349209
97.7934309349209
97.37810332655155
97.37810332655155
97.37810332655155
97.37810332655155
97.37810332655155
97.37810332655155
97.37810332655155
97.37810332655155
97.37810332655155
97.37810332655155
97.37810332655155
97.37810332655155
97.37810332655155
97.25535281374034
97.25535281374034
97.25535281374034
97.25535281374034
97.25535281374034
97.25535281374034
96.99270728039721
96.99270728039721
96.99270728039721
96.99270728039721
96.99270728039721
96.99270728039721
96.99270728039721
96.99270728039721
96.99270728039721
96.99270728039721
96.99270728039721
96.99270728039721
96.99270728039721
96.48138159925901
96.48138159925901
96.48138159925901
96.48138159925901
96.48138159925901
96.48138159925901
96.48138159925901
96.48138159925901
96.45493768005466
96.45493768005466
96.45493768005466
96.45493768005466
96.45493768005466
96.45493768005466
96.45493768005466
96.45493768005466
95.87093534153462
95.87093534153462
95.11427161601563
95.11427161601563
95.11427161601563
95.11427161601563
95.11427161601563
95.11427161601563
95.11427161601563
95.11427161601563
95.11427161601563
95.11427161601563
95.11427161601563
95.11427161601563
95.11427161601563
95.11427161601563
95.11427161601563
95.11427161601563
95.11427161601563
95.11427161601563
95.11427161601563
95.11427161601563
95.11427161601563
94.97881027445888
94.97881027445888
94.97881027445888
94.97881027445888
94.97881027445888
94.97881027445888
94.97881027445888
94.97881027445888
94.97881027445888
94.97881027445888
94.97881027445888
94.97881027445888
94.97881027445888
94.97881027445888
94.97881027445888
94.97881027445888
94.97881027445888
94.97881027445888
94.82765551082262
94.82765551082262
94.82765551082262
94.82765551082262
94.82765551082262
94.82765551082262
94.82765551082262
94.82765551082262
94.82765551082262
94.82765551082262
94.76916931520415
90.76011367148233
84.27159171470169
84.27159171470169
84.27159171470169
84.27159171470169
84.27159171470169
84.27159171470169
84.27159171470169
84.27159171470169
84.27159171470169
84.27159171470169
84.27159171470169
84.27159171470169
84.27159171470169
84.27159171470169
84.27159171470169
84.27159171470169
84.27159171470169
84.27159171470169
84.27159171470169
84.27159171470169
84.27159171470169
84.27159171470169
84.27159171470169
84.27159171470169
83.65223556114454
83.65223556114454
83.65223556114454
83.65223556114454
82.93883967353395
82.93883967353395
82.93883967353395
82.93883967353395
82.93883967353395
80.90493907461071
80.90493907461071
80.90493907461071
80.90493907461071
80.90493907461071
80.90493907461071
80.90493907461071
80.90493907461071
80.90493907461071
80.90493907461071
80.90493907461071
80.90493907461071
80.90493907461071
80.90493907461071
80.90493907461071
80.90493907461071
80.90091965285454
80.90091965285454
80.5915318176467
80.3938029924185
79.78302759965298
79.78302759965298
79.78302759965298
79.78302759965298
79.78302759965298
79.78302759965298
79.78302759965298
79.78302759965298
78.97763982406335
78.68750246387675
78.68750246387675
78.68750246387675
78.68750246387675
78.56989175555873
78.56989175555873
78.56989175555873
78.56989175555873
78.56989175555873
78.28307892167038
78.28307892167038
78.28307892167038
76.87978689052323
76.87978689052323
76.87978689052323
76.87978689052323
76.87978689052323
76.87978689052323
76.87978689052323
76.87978689052323
76.37714802841658
76.37714802841658
76.37714802841658
76.37714802841658
76.37714802841658
76.37714802841658
76.37714802841658
76.37714802841658
76.37714802841658
76.37714802841658
76.37714802841658
76.37714802841658
76.37714802841658
76.37714802841658
76.37714802841658
76.37714802841658
76.37714802841658
76.37714802841658
76.37714802841658
76.37714802841658
76.37714802841658
76.37714802841658
76.37714802841658
76.37714802841658
76.37714802841658
76.05279313525482
76.05279313525482
76.05279313525482
76.05279313525482
76.05279313525482
76.05279313525482
75.86483040683227
75.86483040683227
75.86483040683227
75.77216655313904
75.35358251928487
75.35358251928487
75.35358251928487
75.35358251928487
75.35358251928487
75.35358251928487
75.35358251928487
75.35358251928487
75.35358251928487
75.35358251928487
75.35358251928487
75.35358251928487
75.35358251928487
75.35358251928487
75.34548311818801
75.28500789447025
75.28500789447025
75.17132920156277
75.17132920156277
75.17132920156277
75.17132920156277
75.17132920156277
75.17132920156277
75.17019748369378
75.17019748369378
75.17019748369378
75.17019748369378
75.17019748369378
75.17019748369378
75.15867457413344
75.15867457413344
75.15867457413344
75.15867457413344
75.15867457413344
75.15867457413344
75.12741508063019
75.07292277516842
75.02804438705142
74.81916893949483
74.81916893949483
74.81916893949483
74.81916893949483
74.81916893949483
74.81916893949483
74.81916893949483
74.81916893949483
74.81916893949483
74.81916893949483
74.7860495741829
74.67802319868504
74.67802319868504
74.67802319868504
74.67802319868504
74.67802319868504
74.67802319868504
74.67802319868504
74.67802319868504
74.67802319868504
74.67802319868504
74.67802319868504
74.67802319868504
74.67802319868504
74.67802319868504
74.63391380309996
74.50203638973808
74.50203638973808
74.50203638973808
74.50203638973808
74.50203638973808
74.50203638973808
74.33805785574441
74.33805785574441
74.33805785574441
74.33805785574441
74.33805785574441
74.33805785574441
74.33805785574441
74.33805785574441
74.33805785574441
74.19308353984196
74.09512074713709
74.09512074713709
74.09512074713709
74.09512074713709
74.09512074713709
74.09512074713709
74.05275523627468
74.05136607404773
74.05136607404773
74.0294597913467
74.01771697306917
74.01771697306917
74.01771697306917
74.01771697306917
74.01771697306917
74.01771697306917
74.00694910080237
74.00694910080237
74.00694910080237
73.98233597123284
73.98233597123284
73.98233597123284
73.93569238529456
73.93569238529456
73.93569238529456
73.92252467911575
73.92252467911575
73.92252467911575
73.92252467911575
73.92171791276913
73.92171791276913
73.92171791276913
73.92171791276913
73.92171791276913
73.92171791276913
73.91867476021739
73.91867476021739
73.91867476021739
73.91867476021739
73.91867476021739
73.91867476021739
73.91867476021739
73.91867476021739
73.91867476021739
73.91867476021739
73.91867476021739
73.91360862778441
73.91360862778441
73.91360862778441
73.90674081557741
73.90674081557741
73.90506316943326
73.89553015171839
73.89006436788024
73.88686986156085
73.8849616399015
73.8837943820113
73.88306254567675
73.87817323401633
73.8703214517013
73.86229687809748
73.86229687809748
73.84963535318226
73.84963535318226
73.84817363827982
73.83994511148616
73.83861107371553
73.83861107371553
73.83508624109696
73.82889388474591
73.82577516255454
73.82577516255454
73.82322026245124
73.80886675747335
73.80715549615135
73.8053671529264
73.7884589436862
73.77370416911307
73.764865546603
73.764865546603
73.764865546603
73.764865546603
73.764865546603
73.764865546603
73.764865546603
73.764865546603
73.764865546603
73.764865546603
73.76171651976496
73.7611168476104
73.7611168476104
73.7611168476104
73.7611168476104
73.7611168476104
73.7611168476104
73.7611168476104
73.7611168476104
73.7611168476104
73.7611168476104
73.7611168476104
73.7611168476104
73.7611168476104
73.7611168476104
73.7611168476104
73.74886027855294
73.74626243937949
73.74626243937949
73.74626243937949
73.74626243937949
73.74626243937949
73.74246476471865
73.74246476471865
73.74246476471865
73.74246476471865
73.74246476471865
73.74246476471865
73.74246476471865
73.74246476471865
73.74246476471865
73.74246476471865
73.74246476471865
73.74246476471865
73.74246476471865
73.7388689702813
73.73848356778869
73.73848356778869
73.73848356778869
73.73848356778869
73.7380604678379
73.73680482393053
73.73680482393053
73.73680482393053
73.73680482393053
73.73680482393053
73.73680482393053
73.73680482393053
73.73473665197206
73.73473665197206
73.73473665197206
73.73473665197206
73.73473665197206
73.73473665197206
73.73290314953516
73.73290314953516
73.73290314953516
73.73290314953516
73.73290314953516
73.73290314953516
73.73290314953516
73.73290314953516
73.73290314953516
73.73290314953516
73.73290314953516
73.73290314953516
73.73290314953516
73.73290314953516
73.73290314953516
73.73290314953516
73.73290314953516
73.73290314953516
73.73260485471096
73.73260485471096
73.73260485471096
73.73260485471096
73.73260485471096
73.73217801563167
73.73110903777501
73.73041628925155
73.73041628925155
73.73041628925155
73.73041628925155
73.73041628925155
73.73041628925155
73.73023065505843
73.72984122621436
73.72952801577097
73.72950538754513
73.72950538754513
73.72950538754513
73.72756599148927
73.72635065199293
73.72613195238797
73.72613195238797
73.72613195238797
73.72613195238797
73.72542149368965
73.72542149368965
73.72542149368965
73.72542149368965
73.72542149368965
73.72542149368965
73.72542149368965
73.72542149368965
73.72344808188089
73.72232194564072
73.72232194564072
73.72232194564072
73.72232194564072
73.72232194564072
73.72232194564072
73.72232194564072
73.72232194564072
73.72232194564072
73.72232194564072
73.72232194564072
73.72155898184229
73.72140820374015
73.72140820374015
73.72140820374015
73.72140820374015
73.72140820374015
73.72139720458578
73.71953084164471
73.71953084164471
73.71953084164471
73.71953084164471
73.71953084164471
73.71953084164471
73.71808652821369
73.71808652821369
73.71808652821369
73.71808652821369
73.71808652821369
73.71808652821369
73.71808652821369
73.71808652821369
73.71808652821369
73.71808652821369
73.71808652821369
73.71791351983954
73.71791351983954
73.71791351983954
73.71766033851092
73.71766033851092
73.71689116320965
73.71689116320965
73.71622432581353
73.71622432581353
73.71620704474914
73.71607340833859
73.71607340833859
73.71601161575995
73.71601161575995
73.71591244090573
73.71539336787846
73.71539336787846
73.71466491700001
73.71339367170626
73.71339367170626
73.71339367170626
73.71230913851973
73.71201853919445
73.71201853919445
73.70851307281296
73.70346456977995
73.7009534470057
73.7009534470057
73.7009534470057
73.69580155804805
73.69580155804805
73.69580155804805
73.69580155804805
73.69580155804805
73.69466527044877
73.69304557506294
73.69188132693424
73.69188132693424
73.69147883629094
73.69147883629094
73.69147883629094
73.69147883629094
73.69147883629094
73.69147883629094
73.69147883629094
73.69147883629094
73.69147883629094
73.69147883629094
73.69147883629094
73.69147883629094
73.69147883629094
73.68941597982871
73.68780190075339
73.68780190075339
73.68780190075339
73.68780190075339
73.68780190075339
73.68780190075339
73.68780190075339
73.68780190075339
73.68780190075339
73.68780190075339
73.68719596238772
73.6871251556419
73.6871251556419
73.6871251556419
73.6871251556419
73.68660126243199
73.68660126243199
73.68660126243199
73.68660126243199
73.68660126243199
73.68651017514
73.68637289910677
73.68636598173923
73.68577307672653
73.68508548228114
73.68508548228114
73.68508548228114
73.68508548228114
73.68508548228114
73.68508548228114
73.68508548228114
73.68508548228114
73.68508548228114
73.68508548228114
73.68508548228114
73.68508548228114
73.68508548228114
73.68508548228114
73.68508548228114
73.68508548228114
73.68508548228114
73.68508548228114
73.68508548228114
73.68508548228114
73.68508548228114
73.68508548228114
73.68508548228114
73.68345459112373
73.68345459112373
73.68345459112373
73.68345459112373
73.68345459112373
73.68345459112373
73.68345459112373
73.68345459112373
73.68345459112373
73.68345459112373
73.68345459112373
73.68345459112373
73.68345459112373
73.68345459112373
73.68345459112373
73.68345459112373
73.68345459112373
73.68345459112373
73.68345459112373
73.68282452431433
73.68272168612951
73.68264678147361
73.68264678147361
73.68264678147361
73.68264678147361
73.68264678147361
73.68264678147361
73.68264678147361
73.68264678147361
73.68254515418343
73.68254515418343
73.68254515418343
73.682219856555
73.68128916639112
73.68128916639112
73.68128916639112
73.68128916639112
73.68128916639112
73.68128916639112
73.6809208499531
73.6809208499531
73.6809208499531
73.6809208499531
73.6809208499531
73.6809208499531
73.68065389033625
73.68065389033625
73.68065389033625
73.68031807583836
73.68031807583836
73.68031807583836
73.68031807583836
73.68031807583836
73.68031807583836
73.67977720309267
73.67977720309267
73.67977720309267
73.67977720309267
73.67977720309267
73.67975212171842
73.67975212171842
73.67975212171842
73.6795397222614
73.6795397222614
73.67952313434088
73.67952313434088
73.67952313434088
73.67952313434088
73.67951191482291
73.67950356742989
73.67950356742989
73.67939024165871
73.67939024165871
73.67920816711806
73.67920816711806
73.67920816711806
73.679162039832
73.67889877482253
73.67889877482253
73.67889877482253
73.67884775576897
73.67884775576897
73.67884775576897
73.67879484495856
73.67879484495856
73.67879484495856
73.67879484495856
73.67879484495856
73.67877331537973
73.67861965217831
73.67858329171935
73.678496169643
73.67845973602311
73.67841619251084
73.67840779585192
73.67840779585192
73.67840779585192
73.67840779585192
73.67840779585192
73.67840779585192
73.67838473561048
73.67833215487107
73.67816273678092
73.67816273678092
73.67816273678092
73.67816273678092
73.67816273678092
73.67816273678092
73.67816273678092
73.67816273678092
73.67813438855555
73.67806436662087
73.67806436662087
73.67806436662087
73.67806436662087
73.67806436662087
73.67806436662087
73.67806436662087
73.67806436662087
73.67806436662087
73.67806436662087
73.67802547444906
73.67802547444906
73.67802150548631
73.67802150548631
73.67802150548631
73.67793051276357
73.67793051276357
73.67793051276357
73.67786243679569
73.67785339674506
73.67785339674506
73.67785339674506
73.67785339674506
73.67785339674506
73.67785339674506
73.67785339674506
73.67785339674506
73.67785339674506
73.67785339674506
73.67785339674506
73.6778040149249
73.6778040149249
73.6778040149249
73.67776653812027
73.67776653812027
73.67776653812027
73.67776653812027
73.67776653812027
73.67776653812027
73.67770886241885
73.67766092083784
73.67766092083784
73.67766092083784
73.67766092083784
73.67766092083784
73.67766092083784
73.67766092083784
73.67766092083784
73.67766092083784
73.67766092083784
73.67766092083784
73.67766092083784
73.67766092083784
73.67762769415498
73.67761954073879
73.67761871570308
73.67752716082357
73.67752716082357
73.67752716082357
73.67752716082357
73.67752716082357
73.67752716082357
73.67752716082357
73.67752716082357
73.67752716082357
73.67752716082357
73.67752716082357
73.67752716082357
73.67752716082357
73.67752716082357
73.67752716082357
73.67752716082357
73.67752716082357
73.67751501666305
73.67751501666305
73.67751501666305
73.67751378407434
73.67751378407434
73.67751378407434
73.67751378407434
73.67751378407434
73.67751378407434
73.67751378407434
73.67751064823224
73.6774868486147
73.6774868486147
73.6774868486147
73.6774868486147
73.6774868486147
73.6774868486147
73.67747832544441
73.67747832544441
73.67747832544441
73.67747832544441
73.67747832544441
73.67747832544441
73.67747475688576
73.67745858927246
73.67745858927246
73.67745858927246
73.67745858927246
73.67742146371961
73.67741363785336
73.67735525616737
73.67735525616737
73.67735525616737
73.67735525616737
73.67735525616737
73.67735525616737
73.6773399524136
73.6773399524136
73.6773399524136
73.6773399524136
73.67733564786651
73.67733564786651
73.67733564786651
73.67733564786651
73.67733564786651
73.67733564786651
73.67733564786651
73.67733564786651
73.67733564786651
73.67733564786651
73.67733564786651
73.67733564786651
73.67733564786651
73.67732189819016
73.67732189819016
73.67732189819016
73.67732189819016
73.67730927727004
73.67730927727004
73.67730927727004
73.67730927727004
73.67730927727004
73.67730927727004
73.67730365183678
73.67730365183678
73.67730365183678
73.677297587824
73.67729305708886
73.67728253521548
73.67728253521548
73.67728253521548
73.67728253521548
73.67728253521548
73.67728253521548
73.67728253521548
73.67728253521548
73.67728253521548
73.67728253521548
73.67728253521548
73.67728253521548
73.67728253521548
73.67728253521548
73.67728253521548
73.67728253521548
73.67728253521548
73.67728253521548
73.67728253521548
73.67728253521548
73.67728159207851
73.67728159207851
73.67728159207851
73.67728159207851
73.67728159207851
73.67728159207851
73.67728159207851
73.67727624290765
73.67727554012272
73.67727471475742
73.67727471475742
73.67727471475742
73.67727471475742
73.67727025084444
73.67727025084444
73.67727025084444
73.67726910524641
73.67726891530666
73.67726891530666
73.67726891530666
73.67726891530666
73.67726891530666
73.67726891530666
73.67726891530666
73.67726715731783
73.67726651032785
73.67726651032785
73.67726651032785
73.67726651032785
73.67726651032785
73.67726651032785
73.67726651032785
73.67726641380591
73.67726479257996
73.67726479257996
73.67726479257996
73.67726479257996
73.67725990244968
73.67725990244968
73.67725990244968
73.67725931534494
73.67725627803726
73.67725627803726
73.67725627803726
73.67725627803726
73.67725627803726
73.67725627803726
73.67725581211398
73.67725581211398
73.67725581211398
73.67725581211398
73.67725581211398
73.67725424185137
73.67725208569114
73.67725208569114
73.67725208569114
73.67725208569114
73.67725208569114
73.67725208569114
73.67725208569114
73.67725208569114
73.67725208569114
73.67725208569114
73.67725208569114
73.67725208569114
73.67725208569114
73.67725208569114
73.67725208569114
73.67725208569114
73.67725166422879
73.67725166422879
73.67725166422879
73.6772515877086
73.67725097911789
73.67725089906914
73.67725007665636
73.67725002083827
73.67724970375042
73.67724932961171
73.67724932961171
73.67724932961171
73.67724932961171
73.67724932961171
73.67724932961171
73.67724932961171
73.67724932961171
73.67724932961171
73.67724932961171
73.67724932961171
73.6772490462472
73.67724820538386
73.67724820538386
73.67724682322309
73.67724682322309
73.67724682322309
73.67724682322309
73.67724665786885
73.67724665786885
73.67724665786885
73.67724665786885
73.67724665786885
73.67724665786885
73.67724665786885
73.67724665786885
73.67724665786885
73.67724665786885
73.67724665786885
73.67724659823821
73.67724630649421
73.67724548337733
73.67724548337733
73.67724548337733
73.67724548337733
73.67724548337733
73.67724548337733
73.67724548337733
73.67724548337733
73.67724548337733
73.67724516373181
73.67724516373181
73.67724516373181
73.67724516373181
73.67724516373181
73.67724516373181
73.67724434288755
73.67724434288755
73.67724434288755
73.67724434288755
73.67724430644762
73.67724412333637
73.67724412333637
73.67724412333637
73.67724412333637
73.67724373564386
73.67724373564386
73.67724373564386
73.67724373564386
73.67724373564386
73.67724373564386
73.67724348830986
73.67724302221178
73.67724302221178
73.67724302221178
73.67724302221178
73.67724302221178
73.67724302221178
73.67724302221178
73.67724302221178
73.67724302221178
73.67724302221178
73.67724302221178
73.67724302221178
73.67724302221178
73.67724302221178
73.67724302221178
73.67724302221178
73.67724302221178
73.67724302221178
73.67724302221178
73.67724302221178
73.67724302221178
73.67724295560183
73.67724295560183
73.67724283860255
73.67724276132081
73.67724276132081
73.67724276132081
73.67724276132081
73.67724270621555
73.67724270621555
73.67724241021934
73.67724241021934
73.67724241021934
73.67724241021934
73.67724209481803
73.67724173751606
73.67724173751606
73.67724173751606
73.67724173751606
73.67724173751606
73.67724173751606
73.67724115011065
73.67724115011065
73.67724115011065
73.67724082750419
73.67724073425359
73.67724073425359
73.67724073425359
73.67724073425359
73.67724047204887
73.67724047204887
73.67724047204887
73.67724047165404
73.67724047165404
73.67724035935659
73.6772403527992
73.6772403527992
73.6772403527992
73.67724025775873
73.67724004102996
73.67724004102996
73.67724004102996
73.67724004102996
73.67724004102996
73.67724004102996
73.67724004102996
73.67724004102996
73.67724004102996
73.67724004102996
73.67723997056287
73.67723997056287
73.67723997056287
73.67723997056287
73.67723997056287
73.67723997056287
73.67723997056287
73.67723997056287
73.67723997056287
73.67723987401094
73.6772397786617
73.6772397786617
73.6772397786617
73.67723976561639
73.67723973992317
73.67723973992317
73.67723973992317
73.67723957744836
73.67723945227188
73.67723934939626
73.67723934939626
73.67723934939626
73.67723934939626
73.67723934939626
73.67723934939626
73.6772392650204
73.6772392650204
73.6772392650204
73.6772392650204
73.6772392650204
73.6772392650204
73.6772392650204
73.6772392650204
73.6772392650204
73.6772392650204
73.6772392650204
73.6772392650204
73.6772392650204
73.6772392650204
73.6772392650204
73.6772392650204
73.6772392650204
73.6772392650204
73.6772392650204
73.6772392650204
73.67723923213117
73.67723923213117
73.67723923213117
73.67723923213117
73.67723923213117
73.67723923213117
73.67723923213117
73.67723923213117
73.67723923213117
73.67723923213117
73.67723923213117
73.67723923213117
73.67723923213117
73.67723923213117
73.67723916862492
73.67723916862492
73.67723916862492
73.6772391508521
73.6772391508521
73.6772391508521
73.6772391508521
73.67723898736294
73.67723898736294
73.67723898736294
73.67723898736294
73.67723898736294
73.67723898736294
73.67723898736294
73.67723898736294
73.67723898736294
73.67723898736294
73.67723896677843
73.67723893598833
73.67723892565665
73.677238924583
73.677238924583
73.677238924583
73.67723891942101
73.67723891942101
73.67723891942101
73.67723889302674
73.67723888989687
73.67723888989687
73.67723888989687
73.677238830066
73.67723882310884
73.67723878747081
73.67723878747081
73.67723878747081
73.67723878747081
73.67723878747081
73.67723878747081
73.67723878747081
73.67723878747081
73.67723878747081
73.67723878747081
73.67723878747081
73.67723878747081
73.67723878592555
73.67723878592555
73.67723878592555
73.67723878592555
73.67723878592555
73.67723876162361
73.67723876162361
73.67723876162361
73.67723876162361
73.67723875656549
73.67723874008779
73.67723872147134
73.67723871911245
73.67723871911245
73.67723871911245
73.67723871594819
73.67723871594819
73.67723871594819
73.67723871594819
73.67723871594819
73.67723871594819
73.67723871576528
73.67723867592835
73.6772386433318
73.6772386433318
73.6772386433318
73.6772386433318
73.6772386433318
73.67723863955747
73.67723863955747
73.67723863955747
73.67723860782858
73.67723860782858
73.67723860782858
73.67723860782858
73.67723860782858
73.67723860782858
73.67723860782858
73.67723860782858
73.67723860782858
73.67723860782858
73.67723860782858
73.67723860782858
73.67723860682975
73.67723860682975
73.67723860682975
73.67723860682975
73.67723860682975
73.67723859887218
73.67723858791544
73.67723858791544
73.67723858791544
73.67723858791544
73.67723858791544
73.67723858791544
73.67723858791544
73.67723858791544
73.67723858791544
73.67723858791544
73.67723858791544
73.67723858791544
73.67723857633536
73.67723857633536
73.67723857633536
73.67723857633536
73.67723857633536
73.67723857633536
73.67723857633536
73.67723857633536
73.67723857633536
73.67723857633536
73.67723857633536
73.67723857633536
73.67723857633536
73.67723857633536
73.67723857633536
73.67723857633536
73.67723857633536
73.6772385665922
73.67723853405518
73.67723853405518
73.67723853405518
73.67723853405518
73.67723853405518
73.67723853405518
73.67723853405518
73.67723853405518
73.67723853405518
73.67723853405518
73.67723853405518
73.67723853405518
73.67723853405518
73.67723853405518
73.67723853405518
73.67723853405518
73.67723853405518
73.67723853405518
73.67723853405518
73.67723853405518
73.67723852646732
73.67723851628703
73.67723851628703
73.67723851628703
73.67723851628703
73.677238512151
73.677238512151
73.677238512151
73.677238512151
73.677238512151
73.677238512151
73.677238512151
73.677238512151
73.67723850772529
73.67723850675995
73.67723850675995
73.67723850675995
73.67723850675995
73.67723850675995
73.6772384948948
73.67723849159538
73.67723849159538
73.67723849159538
73.67723849003048
73.67723848781783
73.67723848260803
73.67723848260803
73.67723848260803
73.67723847884298
73.6772384783
73.6772384783
73.6772384783
73.6772384783
73.6772384783
73.6772384783
73.6772384783
73.67723847599248
73.67723847168168
73.67723847168168
73.67723847023387
73.67723846191066
73.67723846191066
73.67723846191066
73.67723846191066
73.67723846164549
73.67723846164549
73.67723846164549
73.67723846164549
73.67723846164549
73.67723845844907
73.6772384559076
73.6772384559076
73.6772384559076
73.6772384559076
73.6772384559076
73.6772384559076
73.6772384559076
73.6772384559076
73.6772384559076
73.6772384548693
73.67723844921953
73.67723844880558
73.67723844803463
73.67723844767036
73.67723844767036
73.67723844767036
73.6772384467662
73.67723843419763
73.67723843221661
73.67723843221661
73.67723843221661
73.67723843093765
73.67723843093765
73.67723843093765
73.67723843093765
73.67723843093765
73.67723843093765
73.67723843093765
73.67723843093765
73.67723843093765
73.67723843093765
73.67723843093765
73.67723843093765
73.67723843093765
73.67723842732495
73.67723842732495
73.67723842732495
73.67723842732495
73.67723842732495
73.67723842732495
73.67723842732495
73.67723842732495
73.67723842732495
73.67723842732495
73.67723842732495
73.67723842732495
73.67723842732495
73.67723842732495
73.67723842732495
73.67723842732495
73.67723842732495
73.67723842732495
73.67723842732495
73.67723842732495
73.67723842732495
73.67723842694103
73.67723842204461
73.67723842204461
73.67723842204461
73.67723842204461
73.67723842204461
73.67723842204461
73.67723842204461
73.67723842204461
73.67723842204461
73.67723842204461
73.67723842204461
73.67723842204461
73.67723842173521
73.67723842173521
73.67723842173521
73.67723842173521
73.67723842173521
73.67723842173521
73.67723842173521
73.67723842173521
73.67723842173521
73.67723842173521
73.67723842173521
73.67723842173521
73.67723842173521
73.67723842173521
73.67723842173521
73.67723842092958
73.67723842092958
73.67723842092958
73.67723842092958
73.67723842092958
73.67723842092958
73.67723842092958
73.67723842092958
73.67723842092958
73.6772384202084
73.6772384202084
73.6772384202084
73.6772384202084
73.6772384202084
73.67723841979011
73.67723841979011
73.67723841979011
73.67723841979011
73.67723841979011
73.67723841979011
73.67723841942221
73.67723841916364
73.67723841916364
73.67723841916364
73.67723841916364
73.67723841819686
73.67723841819686
73.67723841819686
73.67723841819686
73.67723841805984
73.67723841805984
73.67723841805984
73.67723841805984
73.67723841805984
73.67723841783051
73.67723841783051
73.67723841783051
73.67723841781518
73.67723841781518
73.67723841781518
73.67723841718833
73.67723841718833
73.67723841718833
73.67723841718833
73.67723841718833
73.67723841718833
73.67723841718833
73.67723841718833
73.67723841718833
73.67723841718833
73.67723841718833
73.67723841718833
73.67723841718833
73.67723841718833
73.67723841718833
73.67723841702794
73.67723841702794
73.67723841702794
73.67723841702794
73.67723841702794
73.67723841685556
73.67723841685556
73.67723841685556
73.67723841678092
73.67723841678092
73.67723841678092
73.67723841678092
73.67723841678092
73.67723841678092
73.6772384166446
73.6772384166446
73.6772384166446
73.6772384166446
73.67723841657637
73.67723841657637
73.67723841657637
73.67723841657637
73.67723841657637
73.67723841657637
73.67723841657204
73.67723841657204
73.67723841657204
73.67723841657204
73.67723841657204
73.67723841657204
73.67723841654312
73.67723841654312
73.67723841654312
73.67723841654312
73.67723841654312
73.67723841624009
73.67723841624009
73.67723841624009
73.67723841624009
73.67723841577903
73.67723841577903
73.67723841577903
73.67723841577903
73.67723841572257
73.67723841572257
73.67723841572257
73.67723841572257
73.67723841572257
73.67723841572257
73.67723841563526
73.67723841563526
73.67723841563526
73.67723841563526
73.67723841563526
73.67723841563526
73.67723841563526
73.67723841547422
73.67723841547422
73.67723841547422
73.67723841547422
73.67723841547422
73.67723841547422
73.67723841547422
73.67723841547422
73.67723841547422
73.67723841547422
73.67723841547422
73.67723841547422
73.67723841547422
73.67723841547422
73.67723841547422
73.67723841547422
73.67723841547422
73.67723841542059
73.67723841542059
73.67723841542059
73.67723841531667
73.67723841526687
73.67723841526687
73.67723841526687
73.67723841526687
73.67723841526687
73.67723841524108
73.67723841514137
73.67723841514137
73.67723841514137
73.67723841514137
73.67723841514137
73.67723841514137
73.67723841514137
73.67723841514137
73.67723841508611
73.67723841508611
73.67723841508611
73.67723841508005
73.67723841495204
73.6772384149238
73.67723841487414
73.67723841487414
73.67723841487414
73.67723841487414
73.67723841487414
73.67723841487414
73.67723841487414
73.67723841463393
73.67723841463393
73.67723841463393
73.67723841463393
73.67723841463393
73.67723841457254
73.67723841457254
73.67723841455594
73.67723841455094
73.67723841455094
73.67723841453181
73.67723841453181
73.67723841453181
73.67723841445635
73.67723841445635
73.67723841445635
73.67723841445635
73.67723841445635
73.67723841445635
73.67723841440652
73.67723841440652
73.67723841440652
73.67723841440652
73.67723841440652
73.67723841440652
73.67723841440652
73.67723841440652
73.67723841440652
73.67723841440652
73.67723841440652
73.67723841429726
73.67723841406095
73.67723841406095
73.67723841406095
73.67723841406095
73.67723841406095
73.67723841406095
73.67723841406095
73.67723841406095
73.67723841406095
73.67723841406095
73.67723841406095
73.67723841402803
73.67723841402803
73.67723841402803
73.67723841402803
73.67723841402803
73.67723841402803
73.67723841402803
73.67723841402803
73.67723841391256
73.67723841391256
73.67723841391256
73.67723841391256
73.67723841391256
73.67723841391256
73.67723841391256
73.67723841386658
73.67723841386658
73.67723841386658
73.67723841385346
73.67723841385346
73.67723841385346
73.67723841385346
73.67723841385346
73.67723841385346
73.67723841385346
73.67723841385346
73.67723841385346
73.67723841385346
73.67723841385346
73.67723841385346
73.67723841385346
73.67723841385346
73.67723841384097
73.67723841371324
73.67723841371324
73.67723841371324
73.67723841371324
73.67723841371324
73.67723841371324
73.67723841371324
73.67723841371324
73.67723841371324
73.67723841371324
73.67723841371308
73.67723841365469
73.67723841360015
73.67723841360015
73.67723841360015
73.67723841360015
73.67723841360015
73.67723841360015
73.67723841360015
73.67723841360015
73.67723841360015
73.67723841360015
73.67723841360015
73.67723841360015
73.67723841360015
73.67723841352415
73.67723841345428
73.67723841345233
73.67723841345233
73.67723841345233
73.67723841345233
73.6772384134399
73.6772384134399
73.6772384134399
73.6772384134399
73.67723841342674
73.67723841342674
73.67723841342674
73.6772384134258
73.6772384134258
73.6772384134258
73.6772384134258
73.6772384134258
73.6772384134258
73.6772384134258
73.6772384134258
73.6772384134258
73.67723841341038
73.6772384134037
73.67723841340245
73.67723841340245
73.67723841340245
73.67723841340245
73.67723841340245
73.67723841340245
73.67723841340245
73.67723841340245
73.67723841340245
73.67723841340245
73.67723841338753
73.67723841337296
73.67723841337296
73.67723841337296
73.67723841337296
73.67723841337296
73.67723841337296
73.67723841337296
73.67723841337296
73.67723841337296
73.67723841337296
73.67723841337296
73.67723841337087
73.67723841337087
73.67723841337087
73.67723841337087
73.67723841336883
73.67723841336883
73.67723841336883
73.67723841336883
73.67723841336883
73.67723841336883
73.67723841336267
73.67723841334919
73.67723841334919
73.67723841334919
73.67723841334919
73.67723841334919
73.67723841334919
73.67723841334438
73.67723841334438
73.67723841334438
73.67723841334438
73.67723841333999
73.67723841333883
73.67723841333883
73.67723841333883
73.67723841333883
73.67723841333883
73.67723841333883
73.67723841333883
73.67723841333883
73.67723841333883
73.67723841332997
73.67723841332997
73.67723841332997
73.67723841332997
73.67723841332997
73.67723841332997
73.67723841332997
73.67723841332997
73.67723841332997
73.67723841332997
73.67723841332997
73.67723841332997
73.67723841332997
73.67723841332997
73.67723841332997
73.67723841332997
73.67723841332997
73.67723841332632
73.67723841332632
73.67723841332472
73.67723841332472
73.67723841332472
73.67723841332449
73.67723841332449
73.67723841332071
73.67723841331905
73.67723841331905
73.67723841331905
73.67723841331905
73.67723841331905
73.67723841331905
73.67723841331905
73.67723841331905
73.67723841331589
73.67723841331518
73.67723841331518
73.67723841331316
73.6772384133126
73.6772384133126
73.6772384133126
73.6772384133126
73.6772384133126
73.6772384133126
73.6772384133126
73.6772384133126
73.6772384133126
73.6772384133126
73.6772384133126
73.6772384133126
73.6772384133126
73.6772384133126
73.6772384133126
73.6772384133126
73.67723841331126
73.6772384133076
73.6772384133076
73.6772384133076
73.6772384133076
73.67723841330663
73.67723841330663
73.67723841330663
73.67723841330663
73.67723841330663
73.67723841330519
73.67723841330519
73.67723841330519
73.67723841330486
73.67723841330486
73.67723841330486
73.67723841330486
73.67723841330486
73.67723841330486
73.67723841330384
73.67723841330289
73.67723841330289
73.67723841330289
73.6772384133022
73.67723841330219
73.67723841330219
73.67723841330219
73.67723841330172
73.67723841330172
73.67723841330172
73.6772384132995
73.6772384132995
73.6772384132995
73.6772384132995
73.6772384132995
73.6772384132995
73.6772384132995
73.6772384132995
73.6772384132995
73.6772384132995
73.6772384132995
73.67723841329848
73.67723841329848
73.67723841329848
73.67723841329848
73.67723841329848
73.67723841329848
73.67723841329847
73.67723841329847
73.6772384132983
73.6772384132983
73.6772384132983
73.6772384132983
73.6772384132983
73.6772384132983
73.6772384132983
73.6772384132983
73.67723841329779
73.67723841329511
73.67723841329511
73.67723841329511
73.67723841329511
73.67723841329396
73.67723841329396
73.67723841329396
73.67723841329396
73.67723841329396
73.67723841329396
73.67723841329396
73.67723841329396
73.67723841329396
73.67723841329396
73.67723841329169
73.6772384132916
73.6772384132916
73.6772384132916
73.6772384132916
73.6772384132907
73.6772384132907
73.6772384132907
73.6772384132907
73.6772384132907
73.6772384132907
73.6772384132907
73.6772384132907
73.6772384132907
73.6772384132907
73.6772384132907
73.6772384132907
73.6772384132907
73.6772384132907
73.6772384132907
73.6772384132907
73.6772384132907
73.6772384132907
73.6772384132907
73.67723841329058
73.67723841328981
73.67723841328981
73.67723841328981
73.67723841328944
73.67723841328944
73.67723841328944
73.67723841328944
73.67723841328944
73.67723841328944
73.67723841328944
73.67723841328944
73.67723841328944
73.67723841328944
73.67723841328944
73.67723841328944
73.67723841328944
73.67723841328944
73.67723841328944
73.67723841328929
73.67723841328929
73.67723841328929
73.67723841328929
73.67723841328856
73.67723841328856
73.67723841328852
73.67723841328852
73.67723841328852
73.67723841328852
73.67723841328852
73.67723841328852
73.67723841328834
73.67723841328834
73.67723841328834
73.67723841328801
73.6772384132874
73.6772384132874
73.6772384132874
73.67723841328713
73.67723841328713
73.67723841328713
73.67723841328663
73.67723841328626
73.67723841328626
73.67723841328626
73.67723841328626
73.67723841328626
73.67723841328626
73.67723841328626
73.67723841328626
73.67723841328626
73.67723841328626
73.67723841328626
73.67723841328626
73.67723841328626
73.6772384132861
73.67723841328608
73.67723841328608
73.67723841328608
73.67723841328608
73.67723841328588
73.67723841328588
73.67723841328588
73.67723841328588
73.67723841328588
73.67723841328588
73.67723841328588
73.67723841328588
73.67723841328588
73.67723841328588
73.67723841328588
73.67723841328588
73.67723841328568
73.67723841328568
73.67723841328568
73.67723841328564
73.67723841328561
73.6772384132853
73.67723841328522
73.67723841328522
73.67723841328522
73.67723841328522
73.67723841328522
73.67723841328522
73.67723841328522
73.67723841328522
73.67723841328522
73.67723841328522
73.67723841328522
73.67723841328522
73.67723841328522
73.67723841328512
73.67723841328508
73.67723841328508
73.67723841328508
73.67723841328508
73.67723841328508
73.67723841328494
73.67723841328494
73.67723841328494
73.67723841328494
73.67723841328494
73.67723841328494
73.67723841328478
73.67723841328478
73.67723841328477
73.67723841328477
73.67723841328475
73.67723841328475
73.67723841328468
73.67723841328468
73.67723841328468
73.67723841328468
73.67723841328468
73.67723841328468
73.67723841328467
73.67723841328467
73.67723841328467
73.67723841328467
73.67723841328467
73.67723841328467
73.67723841328467
73.67723841328467
73.67723841328467
73.67723841328467
73.67723841328467
73.67723841328464
73.67723841328464
73.67723841328464
73.67723841328464
73.67723841328461
73.67723841328454
73.67723841328454
73.67723841328454
73.67723841328454
73.67723841328454
73.67723841328454
73.67723841328454
73.67723841328453
73.67723841328444
73.6772384132844
73.6772384132844
73.6772384132844
73.6772384132844
73.6772384132844
73.6772384132844
73.67723841328439
73.67723841328437
73.67723841328437
73.67723841328437
73.67723841328437
73.67723841328437
73.67723841328437
73.67723841328437
73.67723841328437
73.67723841328437
73.67723841328437
73.67723841328437
73.67723841328437
73.67723841328437
73.67723841328437
73.67723841328437
73.67723841328437
73.67723841328437
73.67723841328436
73.67723841328436
73.67723841328436
73.67723841328436
73.67723841328436
73.67723841328436
73.67723841328436
73.67723841328436
73.67723841328436
73.67723841328436
73.67723841328431
73.67723841328431
73.67723841328431
73.67723841328431
73.67723841328431
73.67723841328431
73.67723841328431
73.67723841328431
73.6772384132843
73.6772384132843
73.6772384132843
73.6772384132843
73.6772384132843
73.6772384132843
73.6772384132843
73.6772384132843
73.6772384132843
73.6772384132843
73.6772384132843
73.6772384132843
73.67723841328426
73.67723841328426
73.67723841328426
73.67723841328426
73.67723841328426
73.67723841328426
73.67723841328426
73.67723841328426
73.67723841328426
73.67723841328426
73.67723841328426
73.67723841328426
73.67723841328426
73.67723841328426
73.67723841328426
73.67723841328426
73.67723841328426
73.67723841328426
73.67723841328426
73.67723841328426
73.67723841328426
73.67723841328426
73.67723841328426
73.67723841328426
73.67723841328421
73.67723841328419
73.67723841328419
73.67723841328419
73.67723841328419
73.67723841328419
73.67723841328419
73.67723841328419
73.67723841328419
73.67723841328419
73.67723841328419
73.67723841328419
73.67723841328419
73.67723841328419
73.67723841328419
73.67723841328419
73.67723841328419
73.67723841328419
73.67723841328419
73.67723841328419
73.67723841328419
73.67723841328417
73.67723841328416
73.67723841328416
73.67723841328416
73.67723841328413
73.67723841328413
73.67723841328413
73.67723841328413
73.67723841328413
73.67723841328413
73.67723841328413
73.67723841328413
73.67723841328413
73.67723841328413
73.67723841328413
73.67723841328412
73.67723841328412
73.67723841328412
73.67723841328412
73.67723841328412
73.67723841328412
73.67723841328412
73.67723841328412
73.6772384132841
73.67723841328407
73.67723841328407
73.67723841328407
73.67723841328407
73.67723841328407
73.67723841328407
73.67723841328407
73.67723841328407
73.67723841328407
73.67723841328407
73.67723841328407
73.67723841328407
73.67723841328407
73.67723841328407
73.67723841328403
73.67723841328403
73.67723841328403
73.67723841328403
73.67723841328403
73.67723841328403
73.67723841328403
73.67723841328403
73.67723841328403
73.67723841328403
73.67723841328403
73.67723841328403
73.67723841328403
73.67723841328403
73.67723841328403
73.67723841328403
73.67723841328403
73.67723841328403
73.67723841328403
73.67723841328403
73.67723841328403
73.67723841328403
73.677238413284
73.677238413284
73.677238413284
73.677238413284
73.677238413284
73.677238413284
73.67723841328399
73.67723841328399
73.67723841328399
73.67723841328397
73.67723841328397
73.67723841328397
73.67723841328397
73.67723841328397
73.67723841328397
73.67723841328397
73.67723841328397
73.67723841328397
73.67723841328397
73.67723841328397
73.67723841328397
73.67723841328397
73.67723841328397
73.67723841328397
73.67723841328397
73.67723841328397
73.67723841328397
73.67723841328397
73.67723841328397
73.67723841328397
73.67723841328396
73.67723841328396
73.67723841328396
73.67723841328396
73.67723841328396
73.67723841328396
73.67723841328396
73.67723841328396
73.67723841328396
73.67723841328396
73.67723841328396
73.67723841328396
73.67723841328396
73.67723841328396
73.67723841328396
73.67723841328396
73.67723841328394
73.67723841328394
73.67723841328394
73.67723841328394
73.67723841328394
73.67723841328394
73.67723841328394
73.67723841328394
73.67723841328394
73.67723841328393
73.67723841328393
73.67723841328393
73.67723841328393
73.67723841328393
73.67723841328393
73.67723841328393
73.67723841328393
73.67723841328393
73.67723841328393
73.67723841328393
73.67723841328393
73.67723841328393
73.67723841328393
73.67723841328393
73.67723841328393
73.67723841328393
73.67723841328393
73.67723841328393
73.67723841328393
73.67723841328393
73.67723841328393
73.67723841328393
73.67723841328393
73.67723841328393
73.67723841328393
73.67723841328393
73.67723841328393
73.67723841328393
73.67723841328393
73.67723841328393
73.67723841328393
73.67723841328393
73.67723841328393
73.67723841328393
73.67723841328393
73.67723841328393
73.67723841328393
73.67723841328393
73.67723841328393
73.67723841328393
73.67723841328393
73.67723841328393
73.67723841328393
73.67723841328393
73.67723841328393
73.67723841328393
73.67723841328393
73.67723841328393
73.67723841328393
73.67723841328393
73.67723841328393
73.67723841328393
73.67723841328393
73.67723841328393
73.67723841328393
73.67723841328393
73.67723841328393
73.67723841328393
73.67723841328393
73.67723841328393
73.67723841328393
73.67723841328393
73.67723841328393
73.67723841328393
73.67723841328393
73.67723841328393
73.67723841328393
73.67723841328393
73.67723841328393
73.67723841328393
73.67723841328393
73.67723841328393
73.67723841328393
73.67723841328393
73.67723841328393
73.67723841328393
73.67723841328393
73.67723841328393
73.67723841328393
73.67723841328393
73.67723841328393
73.67723841328393
73.67723841328393
73.67723841328393
73.67723841328393
73.67723841328393
73.67723841328393
73.67723841328393
73.67723841328393
73.67723841328393
73.67723841328393
73.67723841328393
73.67723841328393
73.67723841328393
73.67723841328393
73.67723841328393
73.67723841328393
73.67723841328393
73.67723841328393
73.67723841328393
73.67723841328393
73.67723841328393
73.67723841328393
73.67723841328393
73.67723841328393
73.67723841328393
73.67723841328393
73.67723841328393
73.67723841328393
73.67723841328393
73.67723841328393
73.67723841328393
73.67723841328393
73.67723841328393
73.67723841328393
73.67723841328393
73.67723841328393
73.67723841328393
73.67723841328393
73.67723841328393
73.67723841328393
73.67723841328393
73.67723841328393
73.67723841328393
73.67723841328393
73.67723841328393
73.67723841328393
73.67723841328393
73.67723841328393
73.67723841328393
73.67723841328393
73.67723841328393
73.67723841328393
73.67723841328393
73.67723841328393
73.67723841328393
73.67723841328393
73.67723841328393
73.67723841328393
73.67723841328393
73.67723841328393
73.67723841328393
73.67723841328393
73.67723841328393
73.67723841328393
73.67723841328393
73.67723841328393
73.67723841328393
73.67723841328393
73.67723841328393
73.67723841328393
73.67723841328393
73.67723841328393
73.67723841328393
73.67723841328393
73.67723841328393
73.67723841328393
73.67723841328393
73.67723841328393
73.67723841328393
73.67723841328393
73.67723841328393
73.67723841328393
73.67723841328393
73.67723841328393
73.67723841328393
73.67723841328393
73.67723841328393
73.67723841328393
73.67723841328393
73.67723841328393
73.67723841328393
73.67723841328393
73.67723841328393
73.67723841328393
73.67723841328393
73.67723841328393
73.67723841328393
73.67723841328393
73.67723841328393
73.67723841328393
73.67723841328393
73.67723841328393
73.67723841328393
73.67723841328393
73.67723841328393
73.67723841328393
73.67723841328393
73.67723841328393
73.67723841328393
73.67723841328393
73.67723841328393
73.67723841328393
73.67723841328393
73.67723841328393
73.67723841328393
73.67723841328393
73.67723841328393
73.67723841328393
73.67723841328393
73.67723841328393
73.67723841328393
73.67723841328393
73.67723841328393
73.67723841328393
73.67723841328393
73.67723841328393
73.67723841328393
73.67723841328393
73.67723841328393
73.67723841328393
73.67723841328393
73.67723841328393
73.67723841328393
73.67723841328393
73.67723841328393
73.67723841328393
73.67723841328393
73.67723841328393
73.67723841328393
73.67723841328393
73.67723841328393
73.67723841328393
73.67723841328393
73.67723841328393
73.67723841328393
73.67723841328393
73.67723841328393
73.67723841328393
73.67723841328393
73.67723841328393
73.67723841328393
73.67723841328393
73.67723841328393
73.67723841328393
73.67723841328393
73.67723841328393
73.67723841328393
73.67723841328393
73.67723841328393
73.67723841328393
73.67723841328393
73.67723841328393
73.67723841328393
73.67723841328393
73.67723841328393
73.67723841328393
73.67723841328393
73.67723841328393
73.67723841328393
73.67723841328393
73.67723841328393
73.67723841328393
73.67723841328393
73.67723841328393
73.67723841328393
73.67723841328393
73.67723841328393
73.67723841328393
73.67723841328393
73.67723841328393
73.67723841328393
73.67723841328393
73.67723841328393
73.67723841328393
73.67723841328393
73.67723841328393
73.67723841328393
73.67723841328393
73.67723841328393
73.67723841328393
73.67723841328393
73.67723841328393
73.67723841328393
73.67723841328393
73.67723841328393
73.67723841328393
73.67723841328393
73.67723841328393
73.67723841328393
73.67723841328393
73.67723841328393
73.67723841328393
73.67723841328393
73.67723841328393
73.67723841328393
73.67723841328393
73.67723841328393
73.67723841328393
73.67723841328393
73.67723841328393
73.67723841328393
73.67723841328393
73.67723841328393
73.67723841328393
73.67723841328393
73.67723841328393
73.67723841328393
73.67723841328393
73.67723841328393
73.67723841328393
73.67723841328393
73.67723841328393
73.67723841328393
73.67723841328393
73.67723841328393
73.67723841328393
73.67723841328393
73.67723841328393
73.67723841328393
73.67723841328393
73.67723841328393
73.67723841328393
73.67723841328393
73.67723841328393
73.67723841328393
73.67723841328393
73.67723841328393
73.67723841328393
73.67723841328393
73.67723841328393
73.67723841328393
73.67723841328393
73.67723841328393
73.67723841328393
73.67723841328393
73.67723841328393
73.67723841328393
73.67723841328393
73.67723841328393
73.67723841328393
73.67723841328393
73.67723841328393
73.67723841328393
73.67723841328393
73.67723841328393
73.67723841328393
73.67723841328393
73.67723841328393
73.67723841328393
73.67723841328393
73.67723841328393
73.67723841328393
73.67723841328393
73.67723841328393
73.67723841328393
73.67723841328393
73.67723841328393
73.67723841328393
73.67723841328393
73.67723841328393
73.67723841328393
73.67723841328393
73.67723841328393
73.67723841328393
73.67723841328393
73.67723841328393
73.67723841328393
73.67723841328393
73.67723841328393
73.67723841328393
73.67723841328393
73.67723841328393
73.67723841328393
73.67723841328393
73.67723841328393
73.67723841328393
73.67723841328393
73.67723841328393
73.67723841328393
73.67723841328393
73.67723841328393
73.67723841328393
73.67723841328393
73.67723841328393
73.67723841328393
73.67723841328393
73.67723841328393
73.67723841328393
73.67723841328393
73.67723841328393
73.67723841328393
73.67723841328393
73.67723841328393
73.67723841328393
73.67723841328393
73.67723841328393
73.67723841328393
73.67723841328393
73.67723841328393
73.67723841328393
73.67723841328393
73.67723841328393
73.67723841328393
73.67723841328393
73.67723841328393
73.67723841328393
73.67723841328393
73.67723841328393
73.67723841328393
73.67723841328393
73.67723841328393
73.67723841328393
73.67723841328393
73.67723841328393
73.67723841328393
73.67723841328393
73.67723841328393
73.67723841328393
73.67723841328393
73.67723841328393
73.67723841328393
73.67723841328393
73.67723841328393
73.67723841328393
73.67723841328393
73.67723841328393
73.67723841328393
73.67723841328393
73.67723841328393
73.67723841328393
73.67723841328393
73.67723841328393
73.67723841328393
73.67723841328393
73.67723841328393
73.67723841328393
73.67723841328393
73.67723841328393
73.67723841328393
73.67723841328393
73.67723841328393
73.67723841328393
73.67723841328393
73.67723841328393
73.67723841328393
73.67723841328393
73.67723841328393
73.67723841328393
73.67723841328393
73.67723841328393
73.67723841328393
73.67723841328393
73.67723841328393
73.67723841328393
73.67723841328393
73.67723841328393
73.67723841328393
73.67723841328393
73.67723841328393
73.67723841328393
73.67723841328393
73.67723841328393
73.67723841328393
73.67723841328393
73.67723841328393
73.67723841328393
73.67723841328393
73.67723841328393
73.67723841328393
73.67723841328393
73.67723841328393
73.67723841328393
73.67723841328393
73.67723841328393
73.67723841328393
73.67723841328393
73.67723841328393
73.67723841328393
73.67723841328393
73.67723841328393
73.67723841328393
73.67723841328393
73.67723841328393
73.67723841328393
73.67723841328393
73.67723841328393
73.67723841328393
73.67723841328393
73.67723841328393
73.67723841328393
73.67723841328393
73.67723841328393
73.67723841328393
73.67723841328393
73.67723841328393
73.67723841328393
73.67723841328393
73.67723841328393
73.67723841328393
73.67723841328393
73.67723841328393
73.67723841328393
73.67723841328393
73.67723841328393
73.67723841328393
73.67723841328393
73.67723841328393
73.67723841328393
73.67723841328393
73.67723841328393
73.67723841328393
73.67723841328393
73.67723841328393
73.67723841328393
73.67723841328393
73.67723841328393
73.67723841328393
73.67723841328393
73.67723841328393
73.67723841328393
73.67723841328393
73.67723841328393
73.67723841328393
73.67723841328393
73.67723841328393
73.67723841328393
73.67723841328393
73.67723841328393
73.67723841328393
73.67723841328393
73.67723841328393
73.67723841328393
73.67723841328393
73.67723841328393
73.67723841328393
73.67723841328393
73.67723841328393
73.67723841328393
73.67723841328393
73.67723841328393
73.67723841328393
73.67723841328393
73.67723841328393
73.67723841328393
73.67723841328393
73.67723841328393
73.67723841328393
73.67723841328393
73.67723841328393
73.67723841328393
73.67723841328393
73.67723841328393
73.67723841328393
73.67723841328393
73.67723841328393
73.67723841328393
73.67723841328393
73.67723841328393
73.67723841328393
73.67723841328393
73.67723841328393
73.67723841328393
73.67723841328393
73.67723841328393
73.67723841328393
73.67723841328393
73.67723841328393
73.67723841328393
73.67723841328393
73.67723841328393
73.67723841328393
73.67723841328393
73.67723841328393
73.67723841328393
73.67723841328393
73.67723841328393
73.67723841328393
73.67723841328393
73.67723841328393
73.67723841328393
73.67723841328393
73.67723841328393
73.67723841328393
73.67723841328393
73.67723841328393
73.67723841328393
73.67723841328393
73.67723841328393
73.67723841328393
73.67723841328393
73.67723841328393
73.67723841328393
73.67723841328393
73.67723841328393
73.67723841328393
73.67723841328393
73.67723841328393
73.67723841328393
73.67723841328393
73.67723841328393
73.67723841328393
73.67723841328393
73.67723841328393
73.67723841328393
73.67723841328393
73.67723841328393
73.67723841328393
73.67723841328393
73.67723841328393
73.67723841328393
73.67723841328393
73.67723841328393
73.67723841328393
73.67723841328393
73.67723841328393
73.67723841328393
73.67723841328393
73.67723841328393
73.67723841328393
73.67723841328393
73.67723841328393
73.67723841328393
73.67723841328393
73.67723841328393
73.67723841328393
73.67723841328393
73.67723841328393
73.67723841328393
73.67723841328393
73.67723841328393
73.67723841328393
73.67723841328393
73.67723841328393
73.67723841328393
73.67723841328393
73.67723841328393
73.67723841328393
73.67723841328393
73.67723841328393
73.67723841328393
73.67723841328393
73.67723841328393
73.67723841328393
73.67723841328393
73.67723841328393
73.67723841328393
73.67723841328393
73.67723841328393
73.67723841328393
73.67723841328393
73.67723841328393
73.67723841328393
73.67723841328393
73.67723841328393
73.67723841328393
73.67723841328393
73.67723841328393
73.67723841328393
73.67723841328393
73.67723841328393
73.67723841328393
73.67723841328393
73.67723841328393
73.67723841328393
73.67723841328393
73.67723841328393
73.67723841328393
73.67723841328393
73.67723841328393
73.67723841328393
73.67723841328393
73.67723841328393
73.67723841328393
73.67723841328393
73.67723841328393
73.67723841328393
73.67723841328393
73.67723841328393
73.67723841328393
73.67723841328393
73.67723841328393
73.67723841328393
73.67723841328393
73.67723841328393
73.67723841328393
73.67723841328393
73.67723841328393
73.67723841328393
73.67723841328393
73.67723841328393
73.67723841328393
73.67723841328393
73.67723841328393
73.67723841328393
73.67723841328393
73.67723841328393
73.67723841328393
73.67723841328393
73.67723841328393
73.67723841328393
73.67723841328393
73.67723841328393
73.67723841328393
73.67723841328393
73.67723841328393
73.67723841328393
73.67723841328393
73.67723841328393
73.67723841328393
73.67723841328393
73.67723841328393
73.67723841328393
73.67723841328393
73.67723841328393
73.67723841328393
73.67723841328393
73.67723841328393
73.67723841328393
73.67723841328393
73.67723841328393
73.67723841328393
73.67723841328393
73.67723841328393
73.67723841328393
73.67723841328393
73.67723841328393
73.67723841328393
73.67723841328393
73.67723841328393
73.67723841328393
73.67723841328393
73.67723841328393
73.67723841328393
73.67723841328393
73.67723841328393
73.67723841328393
73.67723841328393
73.67723841328393
73.67723841328393
73.67723841328393
73.67723841328393
73.67723841328393
73.67723841328393
73.67723841328393
73.67723841328393
73.67723841328393
73.67723841328393
73.67723841328393
73.67723841328393
73.67723841328393
73.67723841328393
73.67723841328393
73.67723841328393
73.67723841328393
73.67723841328393
73.67723841328393
73.67723841328393
73.67723841328393
73.67723841328393
73.67723841328393
73.67723841328393
73.67723841328393
73.67723841328393
73.67723841328393
73.67723841328393
73.67723841328393
73.67723841328393
73.67723841328393
73.67723841328393
73.67723841328393
73.67723841328393
73.67723841328393
73.67723841328393
73.67723841328393
73.67723841328393
73.67723841328393
73.67723841328393
73.67723841328393
73.67723841328393
73.67723841328393
73.67723841328393
73.67723841328393
73.67723841328393
73.67723841328393
73.67723841328393
73.67723841328393
73.67723841328393
73.67723841328393
73.67723841328393
73.67723841328393
73.67723841328393
73.67723841328393
73.67723841328393
73.67723841328393
73.67723841328393
73.67723841328393
73.67723841328393
73.67723841328393
73.67723841328393
73.67723841328393
73.67723841328393
73.67723841328393
73.67723841328393
73.67723841328393
73.67723841328393
73.67723841328393
73.67723841328393
73.67723841328393
73.67723841328393
73.67723841328393
73.67723841328393
73.67723841328393
73.67723841328393
73.67723841328393
73.67723841328393
73.67723841328393
73.67723841328393
73.67723841328393
73.67723841328393
73.67723841328393
73.67723841328393
73.67723841328393
73.67723841328393
73.67723841328393
73.67723841328393
73.67723841328393
73.67723841328393
73.67723841328393
73.67723841328393
73.67723841328393
73.67723841328393
73.67723841328393
73.67723841328393
73.67723841328393
73.67723841328393
73.67723841328393
73.67723841328393
73.67723841328393
73.67723841328393
73.67723841328393
73.67723841328393
73.67723841328393
73.67723841328393
73.67723841328393
73.67723841328393
73.67723841328393
73.67723841328393
73.67723841328393
73.67723841328393
73.67723841328393
73.67723841328393
73.67723841328393
73.67723841328393
73.67723841328393
73.67723841328393
73.67723841328393
73.67723841328393
73.67723841328393
73.67723841328393
73.67723841328393
73.67723841328393
73.67723841328393
73.67723841328393
73.67723841328393
73.67723841328393
73.67723841328393
73.67723841328393
73.67723841328393
73.67723841328393
73.67723841328393
73.67723841328393
73.67723841328393
73.67723841328393
73.67723841328393
73.67723841328393
73.67723841328393
73.67723841328393
73.67723841328393
73.67723841328393
73.67723841328393
73.67723841328393
73.67723841328393
73.67723841328393
73.67723841328393
73.67723841328393
73.67723841328393
73.67723841328393
73.67723841328393
73.67723841328393
73.67723841328393
73.67723841328393
73.67723841328393
73.67723841328393
73.67723841328393
73.67723841328393
73.67723841328393
73.67723841328393
73.67723841328393
73.67723841328393
73.67723841328393
73.67723841328393
73.67723841328393
73.67723841328393
73.67723841328393
73.67723841328393
73.67723841328393
73.67723841328393
73.67723841328393
73.67723841328393
73.67723841328393
73.67723841328393
73.67723841328393
73.67723841328393
73.67723841328393
73.67723841328393
73.67723841328393
73.67723841328393
73.67723841328393
73.67723841328393
73.67723841328393
73.67723841328393
73.67723841328393
73.67723841328393
73.67723841328393
73.67723841328393
73.67723841328393
73.67723841328393
73.67723841328393
73.67723841328393
73.67723841328393
73.67723841328393
73.67723841328393
73.67723841328393
73.67723841328393
73.67723841328393
73.67723841328393
73.67723841328393
73.67723841328393
73.67723841328393
73.67723841328393
73.67723841328393
73.67723841328393
73.67723841328393
73.67723841328393
73.67723841328393
73.67723841328393
73.67723841328393
73.67723841328393
73.67723841328393
73.67723841328393
73.67723841328393
73.67723841328393
73.67723841328393
73.67723841328393
73.67723841328393
73.67723841328393
73.67723841328393
73.67723841328393
73.67723841328393
73.67723841328393
73.67723841328393
73.67723841328393
73.67723841328393
73.67723841328393
73.67723841328393
73.67723841328393
73.67723841328393
73.67723841328393
73.67723841328393
73.67723841328393
73.67723841328393
73.67723841328393
73.67723841328393
73.67723841328393
73.67723841328393
73.67723841328393
73.67723841328393
73.67723841328393
73.67723841328393
73.67723841328393
73.67723841328393
73.67723841328393
73.67723841328393
73.67723841328393
73.67723841328393
73.67723841328393
73.67723841328393
73.67723841328393
73.67723841328393
73.67723841328393
73.67723841328393
73.67723841328393
73.67723841328393
73.67723841328393
73.67723841328393
73.67723841328393
73.67723841328393
73.67723841328393
73.67723841328393
73.67723841328393
73.67723841328393
73.67723841328393
73.67723841328393
73.67723841328393
73.67723841328393
73.67723841328393
73.67723841328393
73.67723841328393
73.67723841328393
73.67723841328393
73.67723841328393
73.67723841328393
73.67723841328393
73.67723841328393
73.67723841328393
73.67723841328393
73.67723841328393
73.67723841328393
73.67723841328393
73.67723841328393
73.67723841328393
73.67723841328393
73.67723841328393
73.67723841328393
73.67723841328393
73.67723841328393
73.67723841328393
73.67723841328393
73.67723841328393
73.67723841328393
73.67723841328393
73.67723841328393
73.67723841328393
73.67723841328393
73.67723841328393
73.67723841328393
73.67723841328393
73.67723841328393
73.67723841328393
73.67723841328393
73.67723841328393
73.67723841328393
73.67723841328393
73.67723841328393
73.67723841328393
73.67723841328393
73.67723841328393
73.67723841328393
73.67723841328393
73.67723841328393
73.67723841328393
73.67723841328393
73.67723841328393
73.67723841328393
73.67723841328393
73.67723841328393
73.67723841328393
73.67723841328393
73.67723841328393
73.67723841328393
73.67723841328393
73.67723841328393
73.67723841328393
73.67723841328393
73.67723841328393
73.67723841328393
73.67723841328393
73.67723841328393
73.67723841328393
73.67723841328393
73.67723841328393
73.67723841328393
73.67723841328393
73.67723841328393
73.67723841328393
73.67723841328393
73.67723841328393
73.67723841328393
73.67723841328393
73.67723841328393
73.67723841328393
73.67723841328393
73.67723841328393
73.67723841328393
73.67723841328393
73.67723841328393
73.67723841328393
73.67723841328393
73.67723841328393
73.67723841328393
73.67723841328393
73.67723841328393
73.67723841328393
73.67723841328393
73.67723841328393
73.67723841328393
73.67723841328393
73.67723841328393
73.67723841328393
73.67723841328393
73.67723841328393
73.67723841328393
73.67723841328393
73.67723841328393
73.67723841328393
73.67723841328393
73.67723841328393
73.67723841328393
73.67723841328393
73.67723841328393
73.67723841328393
73.67723841328393
73.67723841328393
73.67723841328393
73.67723841328393
73.67723841328393
73.67723841328393
73.67723841328393
73.67723841328393
73.67723841328393
73.67723841328393
73.67723841328393
73.67723841328393
73.67723841328393
73.67723841328393
73.67723841328393
73.67723841328393
73.67723841328393
73.67723841328393
73.67723841328393
73.67723841328393
73.67723841328393
73.67723841328393
73.67723841328393
73.67723841328393
73.67723841328393
73.67723841328393
73.67723841328393
73.67723841328393
73.67723841328393
73.67723841328393
73.67723841328393
73.67723841328393
73.67723841328393
73.67723841328393
73.67723841328393
73.67723841328393
73.67723841328393
73.67723841328393
73.67723841328393
73.67723841328393
73.67723841328393
73.67723841328393
73.67723841328393
73.67723841328393
73.67723841328393
73.67723841328393
73.67723841328393
73.67723841328393
73.67723841328393
73.67723841328393
73.67723841328393
73.67723841328393
73.67723841328393
73.67723841328393
73.67723841328393
73.67723841328393
73.67723841328393
73.67723841328393
73.67723841328393
73.67723841328393
73.67723841328393
73.67723841328393
73.67723841328393
73.67723841328393
73.67723841328393
73.67723841328393
73.67723841328393
73.67723841328393
73.67723841328393
73.67723841328393
73.67723841328393
73.67723841328393
73.67723841328393
73.67723841328393
73.67723841328393
73.67723841328393
73.67723841328393
73.67723841328393
73.67723841328393
73.67723841328393
73.67723841328393
73.67723841328393
73.67723841328393
73.67723841328393
73.67723841328393
73.67723841328393
73.67723841328393
73.67723841328393
73.67723841328393
73.67723841328393
73.67723841328393
73.67723841328393
73.67723841328393
73.67723841328393
73.67723841328393
73.67723841328393
73.67723841328393
73.67723841328393
73.67723841328393
73.67723841328393
73.67723841328393
73.67723841328393
73.67723841328393
73.67723841328393
73.67723841328393
73.67723841328393
73.67723841328393
73.67723841328393
73.67723841328393
73.67723841328393
73.67723841328393
73.67723841328393
73.67723841328393
73.67723841328393
73.67723841328393
73.67723841328393
73.67723841328393
73.67723841328393
73.67723841328393
73.67723841328393
73.67723841328393
73.67723841328393
73.67723841328393
73.67723841328393
73.67723841328393
73.67723841328393
73.67723841328393
73.67723841328393
73.67723841328393
73.67723841328393
73.67723841328393
73.67723841328393
73.67723841328393
73.67723841328393
73.67723841328393
73.67723841328393
73.67723841328393
73.67723841328393
73.67723841328393
73.67723841328393
73.67723841328393
73.67723841328393
73.67723841328393
73.67723841328393
73.67723841328393
73.67723841328393
73.67723841328393
73.67723841328393
73.67723841328393
73.67723841328393
73.67723841328393
73.67723841328393
73.67723841328393
73.67723841328393
73.67723841328393
73.67723841328393
73.67723841328393
73.67723841328393
73.67723841328393
73.67723841328393
73.67723841328393
73.67723841328393
73.67723841328393
73.67723841328393
73.67723841328393
73.67723841328393
73.67723841328393
73.67723841328393
73.67723841328393
73.67723841328393
73.67723841328393
73.67723841328393
73.67723841328393
73.67723841328393
73.67723841328393
73.67723841328393
73.67723841328393
73.67723841328393
73.67723841328393
73.67723841328393
73.67723841328393
73.67723841328393
73.67723841328393
73.67723841328393
73.67723841328393
73.67723841328393
73.67723841328393
73.67723841328393
73.67723841328393
73.67723841328393
73.67723841328393
73.67723841328393
73.67723841328393
73.67723841328393
73.67723841328393
73.67723841328393
73.67723841328393
73.67723841328393
73.67723841328393
73.67723841328393
73.67723841328393
73.67723841328393
73.67723841328393
73.67723841328393
73.67723841328393
73.67723841328393
73.67723841328393
73.67723841328393
73.67723841328393
73.67723841328393
73.67723841328393
73.67723841328393
73.67723841328393
73.67723841328393
73.67723841328393
73.67723841328393
73.67723841328393
73.67723841328393
73.67723841328393
73.67723841328393
73.67723841328393
73.67723841328393
73.67723841328393
73.67723841328393
73.67723841328393
73.67723841328393
73.67723841328393
73.67723841328393
73.67723841328393
73.67723841328393
73.67723841328393
73.67723841328393
73.67723841328393
73.67723841328393
73.67723841328393
73.67723841328393
73.67723841328393
73.67723841328393
73.67723841328393
73.67723841328393
73.67723841328393
73.67723841328393
73.67723841328393
73.67723841328393
73.67723841328393
73.67723841328393
73.67723841328393
73.67723841328393
73.67723841328393
73.67723841328393
73.67723841328393
73.67723841328393
73.67723841328393
73.67723841328393
73.67723841328393
73.67723841328393
73.67723841328393
73.67723841328393
73.67723841328393
73.67723841328393
73.67723841328393
73.67723841328393
73.67723841328393
73.67723841328393
73.67723841328393
73.67723841328393
73.67723841328393
73.67723841328393
73.67723841328393
73.67723841328393
73.67723841328393
73.67723841328393
73.67723841328393
73.67723841328393
73.67723841328393
73.67723841328393
73.67723841328393
73.67723841328393
73.67723841328393
73.67723841328393
73.67723841328393
73.67723841328393
73.67723841328393
73.67723841328393
73.67723841328393
73.67723841328393
73.67723841328393
73.67723841328393
73.67723841328393
73.67723841328393
73.67723841328393
73.67723841328393
73.67723841328393
73.67723841328393
73.67723841328393
73.67723841328393
73.67723841328393
73.67723841328393
73.67723841328393
73.67723841328393
73.67723841328393
73.67723841328393
73.67723841328393
73.67723841328393
73.67723841328393
73.67723841328393
73.67723841328393
73.67723841328393
73.67723841328393
73.67723841328393
73.67723841328393
73.67723841328393
73.67723841328393
73.67723841328393
73.67723841328393
73.67723841328393
73.67723841328393
73.67723841328393
73.67723841328393
73.67723841328393
73.67723841328393
73.67723841328393
73.67723841328393
73.67723841328393
73.67723841328393
73.67723841328393
73.67723841328393
73.67723841328393
73.67723841328393
73.67723841328393
73.67723841328393
73.67723841328393
73.67723841328393
73.67723841328393
73.67723841328393
73.67723841328393
73.67723841328393
73.67723841328393
73.67723841328393
73.67723841328393
73.67723841328393
73.67723841328393
73.67723841328393
73.67723841328393
73.67723841328393
73.67723841328393
73.67723841328393
73.67723841328393
73.67723841328393
73.67723841328393
73.67723841328393
73.67723841328393
73.67723841328393
73.67723841328393
73.67723841328393
73.67723841328393
73.67723841328393
73.67723841328393
73.67723841328393
73.67723841328393
73.67723841328393
73.67723841328393
73.67723841328393
73.67723841328393
73.67723841328393
73.67723841328393
73.67723841328393
73.67723841328393
73.67723841328393
73.67723841328393
73.67723841328393
73.67723841328393
73.67723841328393
73.67723841328393
73.67723841328393
73.67723841328393
73.67723841328393
73.67723841328393
73.67723841328393
73.67723841328393
73.67723841328393
73.67723841328393
73.67723841328393
73.67723841328393
73.67723841328393
73.67723841328393
73.67723841328393
73.67723841328393
73.67723841328393
73.67723841328393
73.67723841328393
73.67723841328393
73.67723841328393
73.67723841328393
73.67723841328393
73.67723841328393
73.67723841328393
73.67723841328393
73.67723841328393
73.67723841328393
73.67723841328393
73.67723841328393
73.67723841328393
73.67723841328393
73.67723841328393
73.67723841328393
73.67723841328393
73.67723841328393
73.67723841328393
73.67723841328393
73.67723841328393
73.67723841328393
73.67723841328393
73.67723841328393
73.67723841328393
73.67723841328393
73.67723841328393
73.67723841328393
73.67723841328393
73.67723841328393
73.67723841328393
73.67723841328393
73.67723841328393
73.67723841328393
73.67723841328393
73.67723841328393
73.67723841328393
73.67723841328393
73.67723841328393
73.67723841328393
73.67723841328393
73.67723841328393
73.67723841328393
73.67723841328393
73.67723841328393
73.67723841328393
73.67723841328393
73.67723841328393
73.67723841328393
73.67723841328393
73.67723841328393
73.67723841328393
73.67723841328393
73.67723841328393
73.67723841328393
73.67723841328393
73.67723841328393
73.67723841328393
73.67723841328393
73.67723841328393
73.67723841328393
73.67723841328393
73.67723841328393
73.67723841328393
73.67723841328393
73.67723841328393
73.67723841328393
73.67723841328393
73.67723841328393
73.67723841328393
73.67723841328393
73.67723841328393
73.67723841328393
73.67723841328393
73.67723841328393
73.67723841328393
73.67723841328393
73.67723841328393
73.67723841328393
73.67723841328393
73.67723841328393
73.67723841328393
73.67723841328393
73.67723841328393
73.67723841328393
73.67723841328393
73.67723841328393
73.67723841328393
73.67723841328393
73.67723841328393
73.67723841328393
73.67723841328393
73.67723841328393
73.67723841328393
73.67723841328393
73.67723841328393
73.67723841328393
73.67723841328393
73.67723841328393
73.67723841328393
73.67723841328393
73.67723841328393
73.67723841328393
73.67723841328393
73.67723841328393
73.67723841328393
73.67723841328393
73.67723841328393
73.67723841328393
73.67723841328393
73.67723841328393
73.67723841328393
73.67723841328393
73.67723841328393
73.67723841328393
73.67723841328393
73.67723841328393
73.67723841328393
73.67723841328393
73.67723841328393
73.67723841328393
73.67723841328393
73.67723841328393
73.67723841328393
73.67723841328393
73.67723841328393
73.67723841328393
73.67723841328393
73.67723841328393
73.67723841328393
73.67723841328393
73.67723841328393
73.67723841328393
73.67723841328393
73.67723841328393
73.67723841328393
73.67723841328393
73.67723841328393
73.67723841328393
73.67723841328393
73.67723841328393
73.67723841328393
73.67723841328393
73.67723841328393
73.67723841328393
73.67723841328393
73.67723841328393
73.67723841328393
73.67723841328393
73.67723841328393
73.67723841328393
73.67723841328393
73.67723841328393
73.67723841328393
73.67723841328393
73.67723841328393
73.67723841328393
73.67723841328393
73.67723841328393
73.67723841328393
73.67723841328393
73.67723841328393
73.67723841328393
73.67723841328393
73.67723841328393
73.67723841328393
73.67723841328393
73.67723841328393
73.67723841328393
73.67723841328393
73.67723841328393
73.67723841328393
73.67723841328393
73.67723841328393
73.67723841328393
73.67723841328393
73.67723841328393
73.67723841328393
73.67723841328393
73.67723841328393
73.67723841328393
73.67723841328393
73.67723841328393
73.67723841328393
73.67723841328393
73.67723841328393
73.67723841328393
73.67723841328393
73.67723841328393
73.67723841328393
73.67723841328393
73.67723841328393
73.67723841328393
73.67723841328393
73.67723841328393
73.67723841328393
73.67723841328393
73.67723841328393
73.67723841328393
73.67723841328393
73.67723841328393
73.67723841328393
73.67723841328393
73.67723841328393
73.67723841328393
73.67723841328393
73.67723841328393
73.67723841328393
73.67723841328393
73.67723841328393
73.67723841328393
73.67723841328393
73.67723841328393
73.67723841328393
73.67723841328393
73.67723841328393
73.67723841328393
73.67723841328393
73.67723841328393
73.67723841328393
73.67723841328393
73.67723841328393
73.67723841328393
73.67723841328393
73.67723841328393
73.67723841328393
73.67723841328393
73.67723841328393
73.67723841328393
73.67723841328393
73.67723841328393
73.67723841328393
73.67723841328393
73.67723841328393
73.67723841328393
73.67723841328393
73.67723841328393
73.67723841328393
73.67723841328393
73.67723841328393
73.67723841328393
73.67723841328393
73.67723841328393
73.67723841328393
73.67723841328393
73.67723841328393
73.67723841328393
73.67723841328393
73.67723841328393
73.67723841328393
73.67723841328393
73.67723841328393
73.67723841328393
73.67723841328393
73.67723841328393
73.67723841328393
73.67723841328393
73.67723841328393
73.67723841328393
73.67723841328393
73.67723841328393
73.67723841328393
73.67723841328393
73.67723841328393
73.67723841328393
73.67723841328393
73.67723841328393
73.67723841328393
73.67723841328393
73.67723841328393
73.67723841328393
73.67723841328393
73.67723841328393
73.67723841328393
73.67723841328393
73.67723841328393
73.67723841328393
73.67723841328393
73.67723841328393
73.67723841328393
73.67723841328393
73.67723841328393
73.67723841328393
73.67723841328393
73.67723841328393
73.67723841328393
73.67723841328393
73.67723841328393
73.67723841328393
73.67723841328393
73.67723841328393
73.67723841328393
73.67723841328393
73.67723841328393
73.67723841328393
73.67723841328393
73.67723841328393
73.67723841328393
73.67723841328393
73.67723841328393
73.67723841328393
73.67723841328393
73.67723841328393
73.67723841328393
73.67723841328393
73.67723841328393
73.67723841328393
73.67723841328393
73.67723841328393
73.67723841328393
73.67723841328393
73.67723841328393
73.67723841328393
73.67723841328393
73.67723841328393
73.67723841328393
73.67723841328393
73.67723841328393
73.67723841328393
73.67723841328393
73.67723841328393
73.67723841328393
73.67723841328393
73.67723841328393
73.67723841328393
73.67723841328393
73.67723841328393
73.67723841328393
73.67723841328393
73.67723841328393
73.67723841328393
73.67723841328393
73.67723841328393
73.67723841328393
73.67723841328393
73.67723841328393
73.67723841328393
73.67723841328393
73.67723841328393
73.67723841328393
73.67723841328393
73.67723841328393
73.67723841328393
73.67723841328393
73.67723841328393
73.67723841328393
73.67723841328393
73.67723841328393
73.67723841328393
73.67723841328393
73.67723841328393
73.67723841328393
73.67723841328393
73.67723841328393
73.67723841328393
73.67723841328393
73.67723841328393
73.67723841328393
73.67723841328393
73.67723841328393
73.67723841328393
73.67723841328393
73.67723841328393
73.67723841328393
73.67723841328393
73.67723841328393
73.67723841328393
73.67723841328393
73.67723841328393
73.67723841328393
73.67723841328393
73.67723841328393
73.67723841328393
73.67723841328393
73.67723841328393
73.67723841328393
73.67723841328393
73.67723841328393
73.67723841328393
73.67723841328393
73.67723841328393
73.67723841328393
73.67723841328393
73.67723841328393
73.67723841328393
73.67723841328393
73.67723841328393
73.67723841328393
73.67723841328393
73.67723841328393
73.67723841328393
73.67723841328393
73.67723841328393
73.67723841328393
73.67723841328393
73.67723841328393
73.67723841328393
73.67723841328393
73.67723841328393
73.67723841328393
73.67723841328393
73.67723841328393
73.67723841328393
73.67723841328393
73.67723841328393
73.67723841328393
73.67723841328393
73.67723841328393
73.67723841328393
73.67723841328393
73.67723841328393
73.67723841328393
73.67723841328393
73.67723841328393
73.67723841328393
73.67723841328393
73.67723841328393
73.67723841328393
73.67723841328393
73.67723841328393
73.67723841328393
73.67723841328393
73.67723841328393
73.67723841328393
73.67723841328393
73.67723841328393
73.67723841328393
73.67723841328393
73.67723841328393
73.67723841328393
73.67723841328393
73.67723841328393
73.67723841328393
73.67723841328393
73.67723841328393
73.67723841328393
73.67723841328393
73.67723841328393
73.67723841328393
73.67723841328393
73.67723841328393
73.67723841328393
73.67723841328393
73.67723841328393
73.67723841328393
73.67723841328393
73.67723841328393
73.67723841328393
73.67723841328393
73.67723841328393
73.67723841328393
73.67723841328393
73.67723841328393
73.67723841328393
73.67723841328393
73.67723841328393
73.67723841328393
73.67723841328393
73.67723841328393
73.67723841328393
73.67723841328393
73.67723841328393
73.67723841328393
73.67723841328393
73.67723841328393
73.67723841328393
73.67723841328393
73.67723841328393
73.67723841328393
73.67723841328393
73.67723841328393
73.67723841328393
73.67723841328393
73.67723841328393
73.67723841328393
73.67723841328393
73.67723841328393
73.67723841328393
73.67723841328393
73.67723841328393
73.67723841328393
73.67723841328393
73.67723841328393
73.67723841328393
73.67723841328393
73.67723841328393
73.67723841328393
73.67723841328393
73.67723841328393
73.67723841328393
73.67723841328393
73.67723841328393
73.67723841328393
73.67723841328393
73.67723841328393
73.67723841328393
73.67723841328393
73.67723841328393
73.67723841328393
73.67723841328393
73.67723841328393
73.67723841328393
73.67723841328393
73.67723841328393
73.67723841328393
73.67723841328393
73.67723841328393
73.67723841328393
73.67723841328393
73.67723841328393
73.67723841328393
73.67723841328393
73.67723841328393
73.67723841328393
73.67723841328393
73.67723841328393
73.67723841328393
73.67723841328393
73.67723841328393
73.67723841328393
73.67723841328393
73.67723841328393
73.67723841328393
73.67723841328393
73.67723841328393
73.67723841328393
73.67723841328393
73.67723841328393
73.67723841328393
73.67723841328393
73.67723841328393
73.67723841328393
73.67723841328393
73.67723841328393
73.67723841328393
73.67723841328393
73.67723841328393
73.67723841328393
73.67723841328393
73.67723841328393
73.67723841328393
73.67723841328393
73.67723841328393
73.67723841328393
73.67723841328393
73.67723841328393
73.67723841328393
73.67723841328393
73.67723841328393
73.67723841328393
73.67723841328393
73.67723841328393
73.67723841328393
73.67723841328393
73.67723841328393
73.67723841328393
73.67723841328393
73.67723841328393
73.67723841328393
73.67723841328393
73.67723841328393
73.67723841328393
73.67723841328393
73.67723841328393
73.67723841328393
73.67723841328393
73.67723841328393
73.67723841328393
73.67723841328393
73.67723841328393
73.67723841328393
73.67723841328393
73.67723841328393
73.67723841328393
73.67723841328393
73.67723841328393
73.67723841328393
73.67723841328393
73.67723841328393
73.67723841328393
73.67723841328393
73.67723841328393
73.67723841328393
73.67723841328393
73.67723841328393
73.67723841328393
73.67723841328393
73.67723841328393
73.67723841328393
73.67723841328393
73.67723841328393
73.67723841328393
73.67723841328393
73.67723841328393
73.67723841328393
73.67723841328393
73.67723841328393
73.67723841328393
73.67723841328393
73.67723841328393
73.67723841328393
73.67723841328393
73.67723841328393
73.67723841328393
73.67723841328393
73.67723841328393
73.67723841328393
73.67723841328393
73.67723841328393
73.67723841328393
73.67723841328393
73.67723841328393
73.67723841328393
73.67723841328393
73.67723841328393
73.67723841328393
73.67723841328393
73.67723841328393
73.67723841328393
73.67723841328393
73.67723841328393
73.67723841328393
73.67723841328393
73.67723841328393
73.67723841328393
73.67723841328393
73.67723841328393
73.67723841328393
73.67723841328393
73.67723841328393
73.67723841328393
73.67723841328393
73.67723841328393
73.67723841328393
73.67723841328393
73.67723841328393
73.67723841328393
73.67723841328393
73.67723841328393
73.67723841328393
73.67723841328393
73.67723841328393
73.67723841328393
73.67723841328393
73.67723841328393
73.67723841328393
73.67723841328393
73.67723841328393
73.67723841328393
73.67723841328393
73.67723841328393
73.67723841328393
73.67723841328393
73.67723841328393
73.67723841328393
73.67723841328393
73.67723841328393
73.67723841328393
73.67723841328393
73.67723841328393
73.67723841328393
73.67723841328393
73.67723841328393
73.67723841328393
73.67723841328393
73.67723841328393
73.67723841328393
73.67723841328393
73.67723841328393
73.67723841328393
73.67723841328393
73.67723841328393
73.67723841328393
73.67723841328393
73.67723841328393
73.67723841328393
73.67723841328393
73.67723841328393
73.67723841328393
73.67723841328393
73.67723841328393
73.67723841328393
73.67723841328393
73.67723841328393
73.67723841328393
73.67723841328393
73.67723841328393
73.67723841328393
73.67723841328393
73.67723841328393
73.67723841328393
73.67723841328393
73.67723841328393
73.67723841328393
73.67723841328393
73.67723841328393
73.67723841328393
73.67723841328393
73.67723841328393
73.67723841328393
73.67723841328393
73.67723841328393
73.67723841328393
73.67723841328393
73.67723841328393
73.67723841328393
73.67723841328393
73.67723841328393
73.67723841328393
73.67723841328393
73.67723841328393
73.67723841328393
73.67723841328393
73.67723841328393
73.67723841328393
73.67723841328393
73.67723841328393
73.67723841328393
73.67723841328393
73.67723841328393
73.67723841328393
73.67723841328393
73.67723841328393
73.67723841328393
73.67723841328393
73.67723841328393
73.67723841328393
73.67723841328393
73.67723841328393
73.67723841328393
73.67723841328393
73.67723841328393
73.67723841328393
73.67723841328393
73.67723841328393
73.67723841328393
73.67723841328393
73.67723841328393
73.67723841328393
73.67723841328393
73.67723841328393
73.67723841328393
73.67723841328393
73.67723841328393
73.67723841328393
73.67723841328393
73.67723841328393
73.67723841328393
73.67723841328393
73.67723841328393
73.67723841328393
73.67723841328393
73.67723841328393
73.67723841328393
73.67723841328393
73.67723841328393
73.67723841328393
73.67723841328393
73.67723841328393
73.67723841328393
73.67723841328393
73.67723841328393
73.67723841328393
73.67723841328393
73.67723841328393
73.67723841328393
73.67723841328393
73.67723841328393
73.67723841328393
73.67723841328393
73.67723841328393
73.67723841328393
73.67723841328393
73.67723841328393
73.67723841328393
73.67723841328393
73.67723841328393
73.67723841328393
73.67723841328393
73.67723841328393
73.67723841328393
73.67723841328393
73.67723841328393
73.67723841328393
73.67723841328393
73.67723841328393
73.67723841328393
73.67723841328393
73.67723841328393
73.67723841328393
73.67723841328393
73.67723841328393
73.67723841328393
73.67723841328393
73.67723841328393
73.67723841328393
73.67723841328393
73.67723841328393
73.67723841328393
73.67723841328393
73.67723841328393
73.67723841328393
73.67723841328393
73.67723841328393
73.67723841328393
73.67723841328393
73.67723841328393
73.67723841328393
73.67723841328393
73.67723841328393
73.67723841328393
73.67723841328393
73.67723841328393
73.67723841328393
73.67723841328393
