446.763932985
446.763932985
446.763932985
446.763932985
446.763932985
446.763932985
446.763932985
446.31975981
446.31975981
446.31975981
437.493528368
437.493528368
376.52938791
367.973950128
367.973950128
367.973950128
367.973950128
367.973950128
367.973950128
367.973950128
367.973950128
367.973950128
367.973950128
367.973950128
367.973950128
359.52794495
354.024439738
354.024439738
354.024439738
354.024439738
354.024439738
354.024439738
354.024439738
345.301543667
345.301543667
345.301543667
345.301543667
345.301543667
345.301543667
330.810186957
330.810186957
330.810186957
330.810186957
330.810186957
330.810186957
330.810186957
330.810186957
330.810186957
330.810186957
330.810186957
330.810186957
330.810186957
317.707197684
317.707197684
317.707197684
317.707197684
317.707197684
317.707197684
317.707197684
317.707197684
317.707197684
317.372930358
317.372930358
317.372930358
317.372930358
317.372930358
317.372930358
317.372930358
317.372930358
317.372930358
317.372930358
317.372930358
317.372930358
317.372930358
305.054620715
305.054620715
305.054620715
305.054620715
305.054620715
305.054620715
305.054620715
305.054620715
305.054620715
305.054620715
301.081933851
297.907370722
297.907370722
297.907370722
297.907370722
278.254980821
278.254980821
278.254980821
278.254980821
278.254980821
278.254980821
278.254980821
278.254980821
278.254980821
278.254980821
278.254980821
278.254980821
278.254980821
278.254980821
278.254980821
278.254980821
278.254980821
278.254980821
278.254980821
278.254980821
270.523132649
251.420345271
251.420345271
251.420345271
251.420345271
247.729119933
247.729119933
247.729119933
247.729119933
247.729119933
242.61050335
242.61050335
241.957588388
241.957588388
231.953757057
201.900889438
201.900889438
201.900889438
201.900889438
196.868208674
191.786965305
191.786965305
191.786965305
191.786965305
191.786965305
188.347356888
185.998781458
185.998781458
185.483261396
184.476927209
179.031205057
179.031205057
179.031205057
179.031205057
179.031205057
179.031205057
179.031205057
179.031205057
179.031205057
179.031205057
179.031205057
179.031205057
179.031205057
179.031205057
179.031205057
179.031205057
179.031205057
179.031205057
179.031205057
179.031205057
155.777197118
155.777197118
155.777197118
155.777197118
155.777197118
155.777197118
155.777197118
155.777197118
155.777197118
155.777197118
155.777197118
155.777197118
155.777197118
155.777197118
155.777197118
155.777197118
155.777197118
155.777197118
155.777197118
155.777197118
155.777197118
155.777197118
155.777197118
155.777197118
155.777197118
155.777197118
155.777197118
155.777197118
155.777197118
155.777197118
149.90594728
149.90594728
149.90594728
149.90594728
149.90594728
148.243917067
148.243917067
144.018553495
144.018553495
144.018553495
144.018553495
144.018553495
144.018553495
144.018553495
136.156411354
136.156411354
136.156411354
136.156411354
136.156411354
136.156411354
136.156411354
130.78269087
130.78269087
130.78269087
130.78269087
130.78269087
125.627998733
125.514578696
125.514578696
125.514578696
124.228004335
124.228004335
124.228004335
123.144779957
117.483276743
116.380568589
116.266222809
116.266222809
116.222171054
115.929559291
115.86351773
115.86351773
115.80944084
114.061721212
113.229016672
113.229016672
111.653156722
111.653156722
111.653156722
111.653156722
111.441267066
111.441267066
111.441267066
110.748040102
110.748040102
110.748040102
110.748040102
109.930975329
109.930975329
109.930975329
107.292078887
107.292078887
107.292078887
107.292078887
105.827254225
105.827254225
105.827254225
105.827254225
104.062186336
104.062186336
103.887752198
103.706749559
103.706749559
103.688951482
103.651265148
103.633852447
103.623672532
103.619159964
100.242581257
100.242581257
100.242581257
99.945749597
99.945749597
99.8392948301
99.7393957742
99.7393957742
99.7393957742
99.6575222376
99.6129704067
99.1229672934
98.5212917809
98.0911695775
98.0911695775
98.0911695775
98.0911695775
98.0911695775
98.0911695775
98.0911695775
98.0911695775
97.9069558049
97.9069558049
97.9069558049
97.0171315754
97.0171315754
97.0171315754
97.0171315754
96.7085863501
96.7085863501
96.7085863501
96.2205767573
96.2050162523
96.1998353589
96.1998353589
96.1998353589
95.6187782735
95.6187782735
95.6187782735
95.6187782735
95.316215094
95.1708582753
95.1708582753
95.0977256661
94.6926011003
94.6926011003
94.6926011003
94.463709277
94.2326009865
94.132548265
93.514158815
91.7934504782
91.7934504782
91.7934504782
91.7934504782
91.7934504782
91.7934504782
91.7934504782
91.7934504782
91.7934504782
91.7359528129
91.7359528129
91.7359528129
89.5340467901
89.5340467901
89.5340467901
89.5340467901
89.5340467901
89.5340467901
89.5340467901
89.5340467901
89.5340467901
89.5340467901
89.5340467901
89.5340467901
89.5340467901
88.1835983457
88.1835983457
88.1835983457
88.1835983457
88.1835983457
88.1835983457
88.1835983457
88.1835983457
87.1267737808
87.1267737808
87.1267737808
87.1267737808
86.3066142869
86.3066142869
86.3066142869
86.3066142869
86.3066142869
86.3066142869
86.3066142869
85.7617772392
85.7617772392
85.7617772392
84.2377296161
84.2377296161
84.2377296161
84.2377296161
84.2377296161
84.0149307981
84.0149307981
84.0149307981
84.0149307981
82.8268917653
82.8268917653
82.8268917653
82.8268917653
82.8268917653
82.8268917653
82.4261729975
80.6473446806
80.6473446806
80.6473446806
80.6473446806
80.6473446806
80.6473446806
80.4257032039
80.4257032039
80.4257032039
80.4257032039
80.4257032039
80.4257032039
80.4257032039
79.7825123124
79.7825123124
78.9384335329
78.9384335329
78.9384335329
78.1942762414
78.1942762414
78.1942762414
78.1942762414
78.1942762414
78.1942762414
78.1942762414
78.1942762414
78.1942762414
78.1942762414
78.1942762414
78.1942762414
78.1410017552
76.9962289894
76.961631011
76.961631011
76.961631011
76.961631011
76.961631011
76.961631011
76.7402176244
76.7402176244
76.6098082688
74.9687507037
74.8694191882
74.8694191882
74.7735042796
74.7617090348
74.7617090348
74.7523209939
74.7523209939
74.7523209939
74.6493355438
74.5382051477
74.4001101558
74.4001101558
74.0426651144
74.0426651144
74.0426651144
74.0426651144
74.0426651144
74.0426651144
74.0426651144
74.0426651144
74.0426651144
74.0426651144
74.0426651144
73.8887428359
73.8887428359
73.8887428359
73.8887428359
73.8887428359
73.8887428359
73.7915118461
73.7615129244
73.7615129244
73.7615129244
73.7615129244
73.7615129244
73.7615129244
73.7615129244
73.7615129244
73.7615129244
73.3113165064
73.1446462367
73.1446462367
73.1446462367
73.1446462367
73.1446462367
73.1446462367
73.1322987098
73.1322987098
73.1322987098
73.1322987098
72.9329633456
72.9329633456
72.9329633456
72.9329633456
72.9057206432
72.9028409756
72.9028409756
72.9028409756
72.6137551244
72.6137551244
72.6137551244
69.7853008392
69.7853008392
69.7853008392
69.7853008392
69.3647762945
69.3647762945
69.3647762945
69.2412039243
69.2412039243
69.2412039243
69.2412039243
69.2412039243
69.2412039243
69.2412039243
69.2412039243
69.2412039243
69.2412039243
69.2412039243
69.2412039243
69.2412039243
69.2412039243
69.2412039243
69.2412039243
68.7597133415
68.7597133415
68.7597133415
68.7597133415
68.7597133415
68.6688667807
68.6688667807
68.6688667807
68.6688667807
68.6688667807
68.6688667807
68.596402496
68.4348503288
68.4311175676
68.1914261177
68.1914261177
68.1914261177
68.1475942304
68.1475942304
68.1475942304
68.1475942304
68.1475942304
68.1475942304
67.7797346269
67.7797346269
67.7797346269
67.7797346269
67.7797346269
67.7646790681
67.7646790681
67.7646790681
67.6943739055
67.6943739055
67.6943739055
67.6338228578
67.5749350559
67.5749350559
67.5749350559
67.5749350559
67.5749350559
67.5749350559
67.5749350559
67.5749350559
67.5749350559
67.5749350559
67.5749350559
67.5288544244
67.5288544244
67.5288544244
67.5288544244
67.5085981741
67.4720953179
67.4720953179
67.4525414575
67.4365560118
67.4268734925
67.4204556829
67.4204556829
67.4204556829
67.4204556829
67.4204556829
67.3258934049
67.3258934049
67.3258934049
67.2009595206
67.2009595206
67.2009595206
67.2009595206
67.1957046121
67.1957046121
67.1957046121
67.1957046121
67.1957046121
67.1957046121
67.1957046121
67.1957046121
67.1957046121
67.1957046121
67.1957046121
67.1703697393
67.1136064374
67.1136064374
67.1000605678
67.0783539167
67.0783539167
67.0783539167
67.0783539167
67.0783539167
67.0783539167
67.0376957365
67.0376957365
67.0376957365
67.0376957365
67.0376957365
67.0376957365
67.0376957365
67.0376957365
66.9994222294
66.9941936636
66.9941936636
66.9878446129
66.9638089689
66.9638089689
66.9638089689
66.9638089689
66.9638089689
66.9638089689
66.9638089689
66.9638089689
66.9638089689
66.9613181817
66.9613181817
66.9613181817
66.9588803604
66.9588803604
66.9588803604
66.9588803604
66.9588803604
66.9588803604
66.9413321446
66.9413321446
66.9413321446
66.9413321446
66.9413321446
66.9413321446
66.9413321446
66.9413321446
66.9413321446
66.9413321446
66.915635781
66.915635781
66.915635781
66.9037489004
66.9037489004
66.872700088
66.872700088
66.872700088
66.8661919695
66.8620181099
66.8620181099
66.8620181099
66.861222158
66.8589088408
66.8539198815
66.8539198815
66.8539198815
66.8539198815
66.8539198815
66.8539198815
66.8539198815
66.8539198815
66.8539198815
66.8539198815
66.8539198815
66.8539198815
66.8539198815
66.8539198815
66.8539198815
66.8539198815
66.8539198815
66.8539198815
66.8535104371
66.8502680243
66.8502680243
66.8502680243
66.8502680243
66.8502680243
66.8502680243
66.8502680243
66.8339948087
66.8339948087
66.8339948087
66.8339948087
66.8339948087
66.8339948087
66.8339948087
66.8339948087
66.8339948087
66.8339948087
66.8339948087
66.8339948087
66.8339948087
66.8339948087
66.8339948087
66.8339948087
66.8305842847
66.8288924334
66.8288924334
66.8288924334
66.8288924334
66.8288924334
66.8288924334
66.8288924334
66.8288924334
66.8288924334
66.8275959281
66.8259950999
66.8259000694
66.8215063953
66.8215063953
66.8215063953
66.8215063953
66.8215063953
66.8215063953
66.8215063953
66.8215063953
66.8215063953
66.8215063953
66.8214100901
66.8214100901
66.8141715923
66.8141715923
66.8141715923
66.812137637
66.8093171975
66.8093171975
66.8093171975
66.8093171975
66.8093171975
66.8093171975
66.8093171975
66.8093171975
66.8093171975
66.8093171975
66.8093171975
66.8093171975
66.8084062521
66.8079801118
66.8079801118
66.8042674318
66.8036166186
66.8031967324
66.7872579889
66.783908607
66.7690563295
66.7690563295
66.765164937
66.741928632
66.7370908024
66.7370908024
66.7370908024
66.7363033523
66.7363033523
66.7363033523
66.7363033523
66.7352337346
66.7343547112
66.7341873514
66.7341873514
66.7330745667
66.7330745667
66.7314661959
66.7314661959
66.7314661959
66.7314661959
66.7314661959
66.7314661959
66.7314661959
66.7314661959
66.731215336
66.7300337409
66.7300337409
66.7300337409
66.729005836
66.729005836
66.729005836
66.7275993506
66.7275993506
66.7275993506
66.7268367403
66.7268367403
66.7264646753
66.7260110976
66.7260110976
66.7260110976
66.7255917821
66.7255917821
66.7255917821
66.724628348
66.7239129502
66.7237029912
66.7237029912
66.7235494091
66.7221464019
66.7221464019
66.7221313984
66.7221313984
66.7221313984
66.7221313984
66.7221313984
66.7221313984
66.7221313984
66.7221313984
66.7221313984
66.7221313984
66.7221313984
66.7221313984
66.7218867617
66.7218867617
66.7218867617
66.7218867617
66.7218867617
66.7213945601
66.7210991262
66.7210991262
66.7210991262
66.7207474936
66.7207474936
66.7207474936
66.7207474936
66.7207474936
66.7204180325
66.719483201
66.7190752045
66.7190752045
66.7190752045
66.7187030227
66.7186071154
66.7186071154
66.7186071154
66.7185943115
66.7179276817
66.7177749962
66.7177749962
66.7177749962
66.7177749962
66.7177306755
66.7177306755
66.7177306755
66.71747257
66.71747257
66.71747257
66.71747257
66.71747257
66.71747257
66.7170981596
66.7170981596
66.7170981596
66.7170981596
66.7170981596
66.7170981596
66.7170981596
66.7170981596
66.7170981596
66.7170300731
66.7170300731
66.7170300731
66.7170300731
66.7169673394
66.7169367092
66.7169320778
66.7169320778
66.7169230668
66.7168758838
66.7168758838
66.7168758838
66.7168758838
66.7168758838
66.7168437327
66.7167984722
66.7167984722
66.7167984722
66.7167984722
66.716679871
66.716656051
66.716656051
66.716656051
66.716656051
66.716656051
66.716656051
66.716656051
66.716656051
66.716656051
66.7160776676
66.716072087
66.7159542485
66.7159542485
66.7159542485
66.7147924429
66.7147924429
66.7147924429
66.7147924429
66.7147924429
66.7147924429
66.7147924429
66.7147924429
66.7147924429
66.7147924429
66.7141095698
66.7141095698
66.7141095698
66.7141095698
66.7141095698
66.7141095698
66.7141095698
66.7141095698
66.7141095698
66.7141095698
66.7141095698
66.7141095698
66.7141095698
66.7141095698
66.7141095698
66.7141095698
66.7141095698
66.7139113417
66.7139113417
66.7139113417
66.7139113417
66.7138363384
66.7138363384
66.7138363384
66.713772976
66.7137273185
66.7136972732
66.7136454648
66.7135883642
66.7135883642
66.7135883642
66.7135883642
66.7135883642
66.7135883642
66.7135883642
66.7135883642
66.7135883642
66.7135465309
66.7135465309
66.7135062963
66.7135062963
66.7135062963
66.7135062963
66.7135062963
66.7134709804
66.7134050771
66.7133480093
66.7133480093
66.7132984948
66.7132984948
66.7132984948
66.7131356767
66.7131356767
66.7131356767
66.7131356767
66.7130553044
66.7130553044
66.7130553044
66.7130553044
66.7130553044
66.7130553044
66.7130553044
66.7130553044
66.7130553044
66.7130553044
66.7130553044
66.7130553044
66.7130553044
66.7130553044
66.7130553044
66.7130553044
66.7129719393
66.7129719393
66.7129719393
66.7129719393
66.7128481225
66.7128481225
66.7128481225
66.7128481225
66.7128481225
66.7128481225
66.7128481225
66.7128481225
66.7128481225
66.7128481225
66.7128481225
66.7128481225
66.7127969346
66.7127964402
66.7127964402
66.7127683742
66.7126997541
66.7126997541
66.7126997541
66.7126679464
66.7126679464
66.7126498694
66.7126355724
66.7126355724
66.7126355724
66.7126355724
66.7126346358
66.7126346358
66.7126346358
66.7125972027
66.712594212
66.712594212
66.712594212
66.7125710795
66.7125710795
66.7125710795
66.7125689107
66.7125689107
66.7125689107
66.7125689107
66.7125689107
66.7125689107
66.7125689107
66.7125689107
66.7125689107
66.7125689107
66.7125689107
66.7125689107
66.7125689107
66.7125689107
66.7125689107
66.7125689107
66.7125689107
66.7125669982
66.7125630575
66.7125630575
66.7125630575
66.7125630575
66.7125630575
66.7125615629
66.7125615629
66.7125615629
66.7125609815
66.7125609815
66.7125609815
66.7125607292
66.7125607292
66.7125607292
66.7125607292
66.7125607292
66.7125607292
66.7125607292
66.7125607292
66.7125521802
66.7125519504
66.7125519504
66.7125519504
66.7125519504
66.7125519504
66.7125519504
66.7125519504
66.7125519504
66.7125519504
66.7125519504
66.7125519504
66.7125519504
66.7125519504
66.7125519504
66.7125519504
66.7125519504
66.7125519504
66.7125519504
66.7125519504
66.7125519504
66.7125519504
66.7125515191
66.7125515191
66.7125515191
66.7125515191
66.7125515191
66.7125515191
66.7125515191
66.7125513814
66.7125513814
66.7125513814
66.7125481935
66.712548188
66.712548188
66.7125450683
66.7125450683
66.7125450683
66.7125450683
66.7125442708
66.7125442708
66.7125442708
66.7125422355
66.7125422355
66.7125422355
66.7125422355
66.7125422355
66.7125422355
66.7125422355
66.7125422355
66.7125396133
66.7125396133
66.7125396133
66.7125396133
66.7125396133
66.7125396133
66.7125396133
66.7125396133
66.7125396133
66.7125396133
66.7125382194
66.7125382194
66.7125369441
66.7125362449
66.7125362449
66.7125362449
66.7125358741
66.7125331816
66.7125331816
66.7125331816
66.7125315534
66.7125315534
66.7125312291
66.7125298947
66.7125298947
66.7125298947
66.7125298947
66.7125298947
66.7125298947
66.7125298947
66.7125298947
66.7125298947
66.7125298947
66.7125298947
66.7125285914
66.7125282888
66.7125282888
66.7125279577
66.7125254464
66.7125244229
66.7125244229
66.7125244229
66.7125244229
66.7125244229
66.7125244229
66.7125243627
66.7125211331
66.7125211231
66.7125211231
66.7125211231
66.7125211231
66.7125211231
66.7125211231
66.7125211231
66.7125211231
66.7125211231
66.7125211231
66.7125211231
66.7125211231
66.7125211231
66.7125211231
66.7125201431
66.7125182354
66.7125175639
66.7125175639
66.7125175639
66.7125155041
66.7125155041
66.7125155041
66.7125155041
66.7125155041
66.7125155041
66.7125154679
66.7125154679
66.7125154679
66.7125154679
66.7125154679
66.7125154679
66.7125154679
66.7125154679
66.7125154679
66.7125143702
66.712514346
66.712514346
66.712514346
66.712514346
66.7125140279
66.7125140279
66.7125138956
66.7125138956
66.7125138956
66.7125138956
66.7125138956
66.7125138956
66.7125138956
66.7125138956
66.7125138956
66.7125138956
66.7125137365
66.7125137365
66.7125137365
66.7125134002
66.71251316
66.71251316
66.71251316
66.71251316
66.712513009
66.7125129325
66.7125129325
66.7125129325
66.7125129325
66.7125129325
66.712512442
66.7125123489
66.7125123489
66.7125123489
66.7125123426
66.7125122714
66.7125122663
66.7125116351
66.7125116237
66.7125115651
66.7125115651
66.7125115214
66.7125114881
66.7125114881
66.7125114513
66.7125114513
66.7125114513
66.7125114513
66.7125114045
66.7125114045
66.7125114045
66.7125113754
66.7125113754
66.7125113754
66.7125112285
66.7125108379
66.7125108252
66.7125103202
66.7125103202
66.7125103202
66.7125102863
66.7125102852
66.7125102775
66.7125102572
66.7125102572
66.7125102333
66.712510233
66.7125101814
66.7125101662
66.7125101662
66.7125101662
66.7125101662
66.7125101662
66.7125101662
66.7125101662
66.7125101662
66.7125101662
66.7125101662
66.7125101535
66.7125101271
66.7125101271
66.7125100894
66.7125100894
66.7125100894
66.7125100731
66.7125100731
66.7125100731
66.712510069
66.7125100689
66.7125100689
66.7125100689
66.7125100596
66.7125100596
66.7125100596
66.7125100596
66.7125100596
66.7125100596
66.7125100596
66.7125100596
66.7125100596
66.712510058
66.712510058
66.7125100522
66.7125100496
66.7125100496
66.7125100496
66.7125100496
66.7125100496
66.7125100496
66.7125100318
66.7125100314
66.7125100314
66.7125100307
66.7125100276
66.7125100134
66.7125100134
66.7125100089
66.7125099914
66.7125099914
66.7125099796
66.7125099783
66.7125099783
66.7125099783
66.7125099422
66.7125099255
66.7125099255
66.7125099255
66.7125099195
66.7125099195
66.7125099195
66.7125099195
66.7125099195
66.7125099188
66.7125099121
66.7125099121
66.7125099121
66.7125099121
66.7125099098
66.7125099098
66.7125099098
66.7125099098
66.7125099098
66.7125099098
66.7125099098
66.7125099098
66.7125099098
66.7125099098
66.7125099098
66.7125099098
66.7125098619
66.7125098619
66.7125098619
66.7125098619
66.7125098619
66.7125098619
66.7125098619
66.7125098619
66.7125098619
66.7125098619
66.7125098619
66.7125098619
66.7125098619
66.7125098619
66.7125098619
66.7125098619
66.7125098367
66.7125098367
66.7125098367
66.7125098367
66.7125098367
66.7125098307
66.7125098174
66.7125098174
66.7125098174
66.7125098174
66.7125098174
66.7125098174
66.7125098129
66.7125097718
66.7125097718
66.7125097697
66.7125097697
66.7125097697
66.7125097596
66.7125097539
66.7125097539
66.7125097539
66.7125097539
66.7125097539
66.7125097539
66.7125097539
66.7125097539
66.7125097539
66.7125097539
66.7125097539
66.7125097539
66.7125097539
66.7125097514
66.7125097509
66.7125097509
66.7125097502
66.7125097502
66.7125097502
66.712509747
66.7125097405
66.7125097405
66.7125097405
66.7125097405
66.7125097405
66.7125097405
66.7125097405
66.7125097405
66.7125097405
66.7125097395
66.7125097395
66.7125097395
66.7125097391
66.7125097371
66.7125097258
66.7125097213
66.7125097213
66.7125097213
66.7125097213
66.7125097213
66.7125097213
66.7125097194
66.7125097184
66.7125097174
66.7125097174
66.7125097174
66.7125097174
66.7125097174
66.7125097174
66.7125097164
66.7125097164
66.7125097141
66.7125097124
66.7125097124
66.7125097124
66.7125097087
66.7125097087
66.7125097087
66.7125097087
66.7125097087
66.7125097087
66.7125097045
66.7125097045
66.7125097045
66.7125097045
66.7125097045
66.7125097045
66.7125097045
66.7125097045
66.7125097045
66.7125097045
66.7125097045
66.7125097045
66.7125097045
66.7125097045
66.7125097045
66.7125097045
66.7125097045
66.7125097045
66.7125097036
66.7125097031
66.712509703
66.712509703
66.712509703
66.712509703
66.7125097021
66.7125096959
66.7125096959
66.7125096959
66.7125096959
66.7125096959
66.7125096959
66.7125096959
66.7125096959
66.7125096959
66.7125096959
66.7125096959
66.7125096959
66.7125096953
66.7125096953
66.7125096953
66.7125096953
66.7125096914
66.7125096914
66.7125096914
66.7125096882
66.7125096877
66.7125096877
66.712509684
66.712509684
66.712509684
66.712509684
66.712509684
66.712509684
66.712509684
66.712509684
66.712509684
66.712509684
66.712509684
66.712509684
66.7125096828
66.7125096828
66.7125096828
66.712509681
66.712509681
66.712509681
66.712509681
66.712509681
66.712509681
66.712509681
66.712509681
66.712509681
66.712509681
66.7125096803
66.71250968
66.71250968
66.71250968
66.7125096797
66.7125096794
66.7125096794
66.7125096794
66.7125096794
66.7125096794
66.7125096794
66.7125096794
66.7125096794
66.7125096794
66.7125096794
66.7125096794
66.7125096794
66.7125096794
66.7125096794
66.7125096794
66.7125096784
66.7125096784
66.7125096784
66.7125096784
66.7125096784
66.7125096784
66.7125096784
66.7125096784
66.7125096784
66.7125096784
66.7125096778
66.7125096775
66.7125096775
66.7125096775
66.7125096775
66.7125096775
66.7125096775
66.7125096774
66.7125096774
66.7125096774
66.7125096774
66.7125096774
66.7125096774
66.7125096774
66.7125096774
66.7125096774
66.7125096774
66.7125096774
66.7125096774
66.7125096764
66.7125096764
66.7125096764
66.7125096764
66.7125096764
66.7125096764
66.7125096764
66.7125096764
66.7125096764
66.7125096764
66.7125096764
66.7125096764
66.7125096764
66.7125096764
66.7125096764
66.7125096764
66.7125096764
66.7125096764
66.7125096758
66.7125096757
66.7125096757
66.7125096757
66.7125096757
66.7125096756
66.7125096756
66.7125096754
66.7125096754
66.7125096754
66.7125096754
66.7125096754
66.7125096754
66.7125096754
66.7125096754
66.7125096754
66.7125096754
66.7125096754
66.7125096754
66.7125096751
66.712509675
66.7125096747
66.7125096747
66.7125096747
66.7125096747
66.7125096746
66.7125096742
66.7125096742
66.7125096742
66.7125096742
66.7125096742
66.7125096741
66.7125096741
66.7125096741
66.7125096741
66.7125096741
66.7125096741
66.7125096738
66.7125096735
66.7125096734
66.7125096734
66.7125096734
66.7125096734
66.7125096734
66.7125096734
66.7125096734
66.7125096734
66.7125096734
66.7125096734
66.7125096734
66.7125096734
66.7125096734
66.7125096733
66.7125096733
66.7125096733
66.7125096733
66.7125096733
66.7125096733
66.7125096733
66.7125096732
66.7125096732
66.7125096732
66.7125096732
66.7125096732
66.7125096732
66.7125096732
66.7125096732
66.7125096732
66.7125096732
66.7125096731
66.7125096731
66.7125096731
66.7125096731
66.7125096731
66.7125096731
66.7125096731
66.7125096731
66.7125096731
66.7125096731
66.7125096731
66.7125096731
66.712509673
66.712509673
66.712509673
66.7125096729
66.7125096729
66.7125096729
66.7125096729
66.7125096727
66.7125096727
66.7125096727
66.7125096727
66.7125096727
66.7125096726
66.7125096726
66.7125096725
66.7125096723
66.7125096722
66.7125096721
66.7125096721
66.7125096721
66.7125096721
66.7125096721
66.7125096721
66.7125096721
66.7125096721
66.7125096721
66.7125096721
66.7125096721
66.7125096721
66.7125096721
66.7125096721
66.7125096721
66.7125096721
66.7125096721
66.7125096721
66.7125096721
66.7125096721
66.7125096721
66.7125096721
66.712509672
66.712509672
66.712509672
66.712509672
66.712509672
66.712509672
66.712509672
66.712509672
66.712509672
66.712509672
66.712509672
66.712509672
66.712509672
66.712509672
66.712509672
66.712509672
66.712509672
66.712509672
66.712509672
66.712509672
66.712509672
66.712509672
66.712509672
66.712509672
66.712509672
66.712509672
66.712509672
66.712509672
66.712509672
66.712509672
66.712509672
66.712509672
66.712509672
66.712509672
66.712509672
66.712509672
66.712509672
66.712509672
66.712509672
66.712509672
66.7125096719
66.7125096719
66.7125096719
66.7125096719
66.7125096719
66.7125096719
66.7125096719
66.7125096719
66.7125096719
66.7125096719
66.7125096719
66.7125096719
66.7125096719
66.7125096719
66.7125096719
66.7125096719
66.7125096719
66.7125096719
66.7125096719
66.7125096719
66.7125096719
66.7125096719
66.7125096719
66.7125096719
66.7125096719
66.7125096719
66.7125096719
66.7125096719
66.7125096719
66.7125096719
66.7125096719
66.7125096719
66.7125096719
66.7125096719
66.7125096719
66.7125096719
66.7125096719
66.7125096719
66.7125096719
66.7125096719
66.7125096719
66.7125096719
66.7125096719
66.7125096719
66.7125096719
66.7125096719
66.7125096719
66.7125096719
66.7125096719
66.7125096719
66.7125096719
66.7125096719
66.7125096719
66.7125096719
66.7125096719
66.7125096719
66.7125096719
66.7125096719
66.7125096719
66.7125096719
66.7125096719
66.7125096719
66.7125096719
66.7125096719
66.7125096719
66.7125096719
66.7125096719
66.7125096719
66.7125096719
66.7125096719
66.7125096719
66.7125096719
66.7125096719
66.7125096719
66.7125096719
66.7125096719
66.7125096719
66.7125096719
66.7125096719
66.7125096719
66.7125096719
66.7125096719
66.7125096719
66.7125096719
66.7125096719
66.7125096719
66.7125096719
66.7125096719
66.7125096719
66.7125096719
66.7125096719
66.7125096719
66.7125096719
66.7125096719
66.7125096719
66.7125096719
66.7125096719
66.7125096719
66.7125096719
66.7125096719
66.7125096719
66.7125096719
66.7125096719
66.7125096719
66.7125096719
66.7125096719
66.7125096719
66.7125096719
66.7125096719
66.7125096719
66.7125096719
66.7125096719
66.7125096719
66.7125096719
66.7125096719
66.7125096719
66.7125096719
66.7125096719
66.7125096718
66.7125096718
66.7125096718
66.7125096718
66.7125096718
66.7125096718
66.7125096718
66.7125096718
66.7125096718
66.7125096718
66.7125096718
66.7125096718
66.7125096718
66.7125096718
66.7125096718
66.7125096718
66.7125096718
66.7125096718
66.7125096718
66.7125096718
66.7125096718
66.7125096718
66.7125096718
66.7125096718
66.7125096718
66.7125096718
66.7125096718
66.7125096718
66.7125096718
66.7125096718
66.7125096718
66.7125096718
66.7125096718
66.7125096718
66.7125096718
66.7125096718
66.7125096718
66.7125096718
66.7125096718
66.7125096718
66.7125096718
66.7125096718
66.7125096718
66.7125096718
66.7125096718
66.7125096718
66.7125096718
66.7125096718
66.7125096718
66.7125096718
66.7125096718
66.7125096718
66.7125096718
66.7125096718
66.7125096718
66.7125096718
66.7125096718
66.7125096718
66.7125096718
66.7125096718
66.7125096718
66.7125096718
66.7125096718
66.7125096718
66.7125096718
66.7125096718
66.7125096718
66.7125096718
66.7125096718
66.7125096718
66.7125096718
66.7125096718
66.7125096718
66.7125096718
66.7125096718
66.7125096718
66.7125096718
66.7125096718
66.7125096718
66.7125096718
66.7125096718
66.7125096718
66.7125096718
66.7125096718
66.7125096718
66.7125096718
66.7125096718
66.7125096718
66.7125096718
66.7125096718
66.7125096718
66.7125096718
66.7125096718
66.7125096718
66.7125096718
66.7125096718
66.7125096718
66.7125096718
66.7125096718
66.7125096718
66.7125096718
66.7125096718
66.7125096718
66.7125096718
66.7125096718
66.7125096718
66.7125096718
66.7125096718
66.7125096718
66.7125096718
66.7125096718
66.7125096718
66.7125096718
66.7125096718
66.7125096718
66.7125096718
66.7125096718
66.7125096718
66.7125096718
66.7125096718
66.7125096718
66.7125096718
66.7125096718
66.7125096718
66.7125096718
66.7125096718
66.7125096718
66.7125096718
66.7125096718
66.7125096718
66.7125096718
66.7125096718
66.7125096718
66.7125096718
66.7125096718
66.7125096718
66.7125096718
66.7125096718
66.7125096718
66.7125096718
66.7125096718
66.7125096718
66.7125096718
66.7125096718
66.7125096718
66.7125096718
66.7125096718
66.7125096718
66.7125096718
66.7125096718
66.7125096718
66.7125096718
66.7125096718
66.7125096718
66.7125096718
66.7125096718
66.7125096718
66.7125096718
66.7125096718
66.7125096718
66.7125096718
66.7125096718
66.7125096718
66.7125096718
66.7125096718
66.7125096718
66.7125096718
66.7125096718
66.7125096718
66.7125096718
66.7125096718
66.7125096718
66.7125096718
66.7125096718
66.7125096718
66.7125096718
66.7125096718
66.7125096718
66.7125096718
66.7125096718
66.7125096718
66.7125096718
66.7125096718
66.7125096718
66.7125096718
66.7125096718
66.7125096718
66.7125096718
66.7125096718
66.7125096718
66.7125096718
66.7125096718
66.7125096718
66.7125096718
66.7125096718
66.7125096718
66.7125096718
66.7125096718
66.7125096718
66.7125096718
66.7125096718
66.7125096718
66.7125096718
66.7125096718
66.7125096718
66.7125096718
66.7125096718
66.7125096718
66.7125096718
66.7125096718
66.7125096718
66.7125096718
66.7125096718
66.7125096718
66.7125096718
66.7125096718
66.7125096718
66.7125096718
66.7125096718
66.7125096718
66.7125096718
66.7125096718
66.7125096718
66.7125096718
66.7125096718
66.7125096718
66.7125096718
66.7125096718
66.7125096718
66.7125096718
66.7125096718
66.7125096718
66.7125096718
66.7125096718
66.7125096718
66.7125096718
66.7125096718
66.7125096718
66.7125096718
66.7125096718
66.7125096718
66.7125096718
66.7125096718
66.7125096718
66.7125096718
66.7125096718
66.7125096718
66.7125096718
66.7125096718
66.7125096718
66.7125096718
66.7125096718
66.7125096718
66.7125096718
66.7125096718
66.7125096718
66.7125096718
66.7125096718
66.7125096718
66.7125096718
66.7125096718
66.7125096718
66.7125096718
66.7125096718
66.7125096718
66.7125096718
66.7125096718
66.7125096718
66.7125096718
66.7125096718
66.7125096718
66.7125096718
66.7125096718
66.7125096718
66.7125096718
66.7125096718
66.7125096718
66.7125096718
66.7125096718
66.7125096718
66.7125096718
66.7125096718
66.7125096718
66.7125096718
66.7125096718
66.7125096718
66.7125096718
66.7125096718
66.7125096718
66.7125096718
66.7125096718
66.7125096718
66.7125096718
66.7125096718
66.7125096718
66.7125096718
66.7125096718
66.7125096718
66.7125096718
66.7125096718
66.7125096718
66.7125096718
66.7125096718
66.7125096718
66.7125096718
66.7125096718
66.7125096718
66.7125096718
66.7125096718
66.7125096718
66.7125096718
66.7125096718
66.7125096718
66.7125096718
66.7125096718
66.7125096718
66.7125096718
66.7125096718
66.7125096718
66.7125096718
66.7125096718
66.7125096718
66.7125096718
66.7125096718
66.7125096718
66.7125096718
66.7125096718
66.7125096718
66.7125096718
66.7125096718
66.7125096718
66.7125096718
66.7125096718
66.7125096718
66.7125096718
66.7125096718
66.7125096718
66.7125096718
66.7125096718
66.7125096718
66.7125096718
66.7125096718
66.7125096718
66.7125096718
66.7125096718
66.7125096718
66.7125096718
66.7125096718
66.7125096718
66.7125096718
66.7125096718
66.7125096718
66.7125096718
66.7125096718
66.7125096718
66.7125096718
66.7125096718
66.7125096718
66.7125096718
66.7125096718
66.7125096718
66.7125096718
66.7125096718
66.7125096718
66.7125096718
66.7125096718
66.7125096718
66.7125096718
66.7125096718
66.7125096718
66.7125096718
66.7125096718
66.7125096718
66.7125096718
66.7125096718
66.7125096718
66.7125096718
66.7125096718
66.7125096718
66.7125096718
66.7125096718
66.7125096718
66.7125096718
66.7125096718
66.7125096718
66.7125096718
66.7125096718
66.7125096718
66.7125096718
66.7125096718
66.7125096718
66.7125096718
66.7125096718
66.7125096718
66.7125096718
66.7125096718
66.7125096718
66.7125096718
66.7125096718
66.7125096718
66.7125096718
66.7125096718
66.7125096718
66.7125096718
66.7125096718
66.7125096718
66.7125096718
66.7125096718
66.7125096718
66.7125096718
66.7125096718
66.7125096718
66.7125096718
66.7125096718
66.7125096718
66.7125096718
66.7125096718
66.7125096718
66.7125096718
66.7125096718
66.7125096718
66.7125096718
66.7125096718
66.7125096718
66.7125096718
66.7125096718
66.7125096718
66.7125096718
66.7125096718
66.7125096718
66.7125096718
66.7125096718
66.7125096718
66.7125096718
66.7125096718
66.7125096718
66.7125096718
66.7125096718
66.7125096718
66.7125096718
66.7125096718
66.7125096718
66.7125096718
66.7125096718
66.7125096718
66.7125096718
66.7125096718
66.7125096718
66.7125096718
66.7125096718
66.7125096718
66.7125096718
66.7125096718
66.7125096718
66.7125096718
66.7125096718
66.7125096718
66.7125096718
66.7125096718
66.7125096718
66.7125096718
66.7125096718
66.7125096718
66.7125096718
66.7125096718
66.7125096718
66.7125096718
66.7125096718
66.7125096718
66.7125096718
66.7125096718
66.7125096718
66.7125096718
66.7125096718
66.7125096718
66.7125096718
66.7125096718
66.7125096718
66.7125096718
66.7125096718
66.7125096718
66.7125096718
66.7125096718
66.7125096718
66.7125096718
66.7125096718
66.7125096718
66.7125096718
66.7125096718
66.7125096718
66.7125096718
66.7125096718
66.7125096718
66.7125096718
66.7125096718
66.7125096718
66.7125096718
66.7125096718
66.7125096718
66.7125096718
66.7125096718
66.7125096718
66.7125096718
66.7125096718
66.7125096718
66.7125096718
66.7125096718
66.7125096718
66.7125096718
66.7125096718
66.7125096718
66.7125096718
66.7125096718
66.7125096718
66.7125096718
66.7125096718
66.7125096718
66.7125096718
66.7125096718
66.7125096718
66.7125096718
66.7125096718
66.7125096718
66.7125096718
66.7125096718
66.7125096718
66.7125096718
66.7125096718
66.7125096718
66.7125096718
66.7125096718
66.7125096718
66.7125096718
66.7125096718
66.7125096718
66.7125096718
66.7125096718
66.7125096718
66.7125096718
66.7125096718
66.7125096718
66.7125096718
66.7125096718
66.7125096718
66.7125096718
66.7125096718
66.7125096718
66.7125096718
66.7125096718
66.7125096718
66.7125096718
66.7125096718
66.7125096718
66.7125096718
66.7125096718
66.7125096718
66.7125096718
66.7125096718
66.7125096718
66.7125096718
66.7125096718
66.7125096718
66.7125096718
66.7125096718
66.7125096718
66.7125096718
66.7125096718
66.7125096718
66.7125096718
66.7125096718
66.7125096718
66.7125096718
66.7125096718
66.7125096718
66.7125096718
66.7125096718
66.7125096718
66.7125096718
66.7125096718
66.7125096718
66.7125096718
66.7125096718
66.7125096718
66.7125096718
66.7125096718
66.7125096718
66.7125096718
66.7125096718
66.7125096718
66.7125096718
66.7125096718
66.7125096718
66.7125096718
66.7125096718
66.7125096718
66.7125096718
66.7125096718
66.7125096718
66.7125096718
66.7125096718
66.7125096718
66.7125096718
66.7125096718
66.7125096718
66.7125096718
66.7125096718
66.7125096718
66.7125096718
66.7125096718
66.7125096718
66.7125096718
66.7125096718
66.7125096718
66.7125096718
66.7125096718
66.7125096718
66.7125096718
66.7125096718
66.7125096718
66.7125096718
66.7125096718
66.7125096718
66.7125096718
66.7125096718
66.7125096718
66.7125096718
66.7125096718
66.7125096718
66.7125096718
66.7125096718
66.7125096718
66.7125096718
66.7125096718
66.7125096718
66.7125096718
66.7125096718
66.7125096718
66.7125096718
66.7125096718
66.7125096718
66.7125096718
66.7125096718
66.7125096718
66.7125096718
66.7125096718
66.7125096718
66.7125096718
66.7125096718
66.7125096718
66.7125096718
66.7125096718
66.7125096718
66.7125096718
66.7125096718
66.7125096718
66.7125096718
66.7125096718
66.7125096718
66.7125096718
66.7125096718
66.7125096718
66.7125096718
66.7125096718
66.7125096718
66.7125096718
66.7125096718
66.7125096718
66.7125096718
66.7125096718
66.7125096718
66.7125096718
66.7125096718
66.7125096718
66.7125096718
66.7125096718
66.7125096718
66.7125096718
66.7125096718
66.7125096718
66.7125096718
66.7125096718
66.7125096718
66.7125096718
66.7125096718
66.7125096718
66.7125096718
66.7125096718
66.7125096718
66.7125096718
66.7125096718
66.7125096718
66.7125096718
66.7125096718
66.7125096718
66.7125096718
66.7125096718
66.7125096718
66.7125096718
66.7125096718
66.7125096718
66.7125096718
66.7125096718
66.7125096718
66.7125096718
66.7125096718
66.7125096718
66.7125096718
66.7125096718
66.7125096718
66.7125096718
66.7125096718
66.7125096718
66.7125096718
66.7125096718
66.7125096718
66.7125096718
66.7125096718
66.7125096718
66.7125096718
66.7125096718
66.7125096718
66.7125096718
66.7125096718
66.7125096718
66.7125096718
66.7125096718
66.7125096718
66.7125096718
66.7125096718
66.7125096718
66.7125096718
66.7125096718
66.7125096718
66.7125096718
66.7125096718
66.7125096718
66.7125096718
66.7125096718
66.7125096718
66.7125096718
66.7125096718
66.7125096718
66.7125096718
66.7125096718
66.7125096718
66.7125096718
66.7125096718
66.7125096718
66.7125096718
66.7125096718
66.7125096718
66.7125096718
66.7125096718
66.7125096718
66.7125096718
66.7125096718
66.7125096718
66.7125096718
66.7125096718
66.7125096718
66.7125096718
66.7125096718
66.7125096718
66.7125096718
66.7125096718
66.7125096718
66.7125096718
66.7125096718
66.7125096718
66.7125096718
66.7125096718
66.7125096718
66.7125096718
66.7125096718
66.7125096718
66.7125096718
66.7125096718
66.7125096718
66.7125096718
66.7125096718
66.7125096718
66.7125096718
66.7125096718
66.7125096718
66.7125096718
66.7125096718
66.7125096718
66.7125096718
66.7125096718
66.7125096718
66.7125096718
66.7125096718
66.7125096718
66.7125096718
66.7125096718
66.7125096718
66.7125096718
66.7125096718
66.7125096718
66.7125096718
66.7125096718
66.7125096718
66.7125096718
66.7125096718
66.7125096718
66.7125096718
66.7125096718
66.7125096718
66.7125096718
66.7125096718
66.7125096718
66.7125096718
66.7125096718
66.7125096718
66.7125096718
66.7125096718
66.7125096718
66.7125096718
66.7125096718
66.7125096718
66.7125096718
66.7125096718
66.7125096718
66.7125096718
66.7125096718
66.7125096718
66.7125096718
66.7125096718
66.7125096718
66.7125096718
66.7125096718
66.7125096718
66.7125096718
66.7125096718
66.7125096718
66.7125096718
66.7125096718
66.7125096718
66.7125096718
66.7125096718
66.7125096718
66.7125096718
66.7125096718
66.7125096718
66.7125096718
66.7125096718
66.7125096718
66.7125096718
66.7125096718
66.7125096718
66.7125096718
66.7125096718
66.7125096718
66.7125096718
66.7125096718
66.7125096718
66.7125096718
66.7125096718
66.7125096718
66.7125096718
66.7125096718
66.7125096718
66.7125096718
66.7125096718
66.7125096718
66.7125096718
66.7125096718
66.7125096718
66.7125096718
66.7125096718
66.7125096718
66.7125096718
66.7125096718
66.7125096718
66.7125096718
66.7125096718
66.7125096718
66.7125096718
66.7125096718
66.7125096718
66.7125096718
66.7125096718
66.7125096718
66.7125096718
66.7125096718
66.7125096718
66.7125096718
66.7125096718
66.7125096718
66.7125096718
66.7125096718
66.7125096718
66.7125096718
66.7125096718
66.7125096718
66.7125096718
66.7125096718
66.7125096718
66.7125096718
66.7125096718
66.7125096718
66.7125096718
66.7125096718
66.7125096718
66.7125096718
66.7125096718
66.7125096718
66.7125096718
66.7125096718
66.7125096718
66.7125096718
66.7125096718
66.7125096718
66.7125096718
66.7125096718
66.7125096718
66.7125096718
66.7125096718
66.7125096718
66.7125096718
66.7125096718
66.7125096718
66.7125096718
66.7125096718
66.7125096718
66.7125096718
66.7125096718
66.7125096718
66.7125096718
66.7125096718
66.7125096718
66.7125096718
66.7125096718
66.7125096718
66.7125096718
66.7125096718
66.7125096718
66.7125096718
66.7125096718
66.7125096718
66.7125096718
66.7125096718
66.7125096718
66.7125096718
66.7125096718
66.7125096718
66.7125096718
66.7125096718
66.7125096718
66.7125096718
66.7125096718
66.7125096718
66.7125096718
66.7125096718
66.7125096718
66.7125096718
66.7125096718
66.7125096718
66.7125096718
66.7125096718
66.7125096718
66.7125096718
66.7125096718
66.7125096718
66.7125096718
66.7125096718
66.7125096718
66.7125096718
66.7125096718
66.7125096718
66.7125096718
66.7125096718
66.7125096718
66.7125096718
66.7125096718
66.7125096718
66.7125096718
66.7125096718
66.7125096718
66.7125096718
66.7125096718
66.7125096718
66.7125096718
66.7125096718
66.7125096718
66.7125096718
66.7125096718
66.7125096718
66.7125096718
66.7125096718
66.7125096718
66.7125096718
66.7125096718
66.7125096718
66.7125096718
66.7125096718
66.7125096718
66.7125096718
66.7125096718
66.7125096718
66.7125096718
66.7125096718
66.7125096718
66.7125096718
66.7125096718
66.7125096718
66.7125096718
66.7125096718
66.7125096718
66.7125096718
66.7125096718
66.7125096718
66.7125096718
66.7125096718
66.7125096718
66.7125096718
66.7125096718
66.7125096718
66.7125096718
66.7125096718
66.7125096718
66.7125096718
66.7125096718
66.7125096718
66.7125096718
66.7125096718
66.7125096718
66.7125096718
66.7125096718
66.7125096718
66.7125096718
66.7125096718
66.7125096718
66.7125096718
66.7125096718
66.7125096718
66.7125096718
66.7125096718
66.7125096718
66.7125096718
66.7125096718
66.7125096718
66.7125096718
66.7125096718
66.7125096718
66.7125096718
66.7125096718
66.7125096718
66.7125096718
66.7125096718
66.7125096718
66.7125096718
66.7125096718
66.7125096718
66.7125096718
66.7125096718
66.7125096718
66.7125096718
66.7125096718
66.7125096718
66.7125096718
66.7125096718
66.7125096718
66.7125096718
66.7125096718
66.7125096718
66.7125096718
66.7125096718
66.7125096718
66.7125096718
66.7125096718
66.7125096718
66.7125096718
66.7125096718
66.7125096718
66.7125096718
66.7125096718
66.7125096718
66.7125096718
66.7125096718
66.7125096718
66.7125096718
66.7125096718
66.7125096718
66.7125096718
66.7125096718
66.7125096718
66.7125096718
66.7125096718
66.7125096718
66.7125096718
66.7125096718
66.7125096718
66.7125096718
66.7125096718
66.7125096718
66.7125096718
66.7125096718
66.7125096718
66.7125096718
66.7125096718
66.7125096718
66.7125096718
66.7125096718
66.7125096718
66.7125096718
66.7125096718
66.7125096718
66.7125096718
66.7125096718
66.7125096718
66.7125096718
66.7125096718
66.7125096718
66.7125096718
66.7125096718
66.7125096718
66.7125096718
66.7125096718
66.7125096718
66.7125096718
66.7125096718
66.7125096718
66.7125096718
66.7125096718
66.7125096718
66.7125096718
66.7125096718
66.7125096718
66.7125096718
66.7125096718
66.7125096718
66.7125096718
66.7125096718
66.7125096718
66.7125096718
66.7125096718
66.7125096718
66.7125096718
66.7125096718
66.7125096718
66.7125096718
66.7125096718
66.7125096718
66.7125096718
66.7125096718
66.7125096718
66.7125096718
66.7125096718
66.7125096718
66.7125096718
66.7125096718
66.7125096718
66.7125096718
66.7125096718
66.7125096718
66.7125096718
66.7125096718
66.7125096718
66.7125096718
66.7125096718
66.7125096718
66.7125096718
66.7125096718
66.7125096718
66.7125096718
66.7125096718
66.7125096718
66.7125096718
66.7125096718
66.7125096718
66.7125096718
66.7125096718
66.7125096718
66.7125096718
66.7125096718
66.7125096718
66.7125096718
66.7125096718
66.7125096718
66.7125096718
66.7125096718
66.7125096718
66.7125096718
66.7125096718
66.7125096718
66.7125096718
66.7125096718
66.7125096718
66.7125096718
66.7125096718
66.7125096718
66.7125096718
66.7125096718
66.7125096718
66.7125096718
66.7125096718
66.7125096718
66.7125096718
66.7125096718
66.7125096718
66.7125096718
66.7125096718
66.7125096718
66.7125096718
66.7125096718
66.7125096718
66.7125096718
66.7125096718
66.7125096718
66.7125096718
66.7125096718
66.7125096718
66.7125096718
66.7125096718
66.7125096718
66.7125096718
66.7125096718
66.7125096718
66.7125096718
66.7125096718
66.7125096718
66.7125096718
66.7125096718
66.7125096718
66.7125096718
66.7125096718
66.7125096718
66.7125096718
66.7125096718
66.7125096718
66.7125096718
66.7125096718
66.7125096718
66.7125096718
66.7125096718
66.7125096718
66.7125096718
66.7125096718
66.7125096718
66.7125096718
66.7125096718
66.7125096718
66.7125096718
66.7125096718
66.7125096718
66.7125096718
66.7125096718
66.7125096718
66.7125096718
66.7125096718
66.7125096718
66.7125096718
66.7125096718
66.7125096718
66.7125096718
66.7125096718
66.7125096718
66.7125096718
66.7125096718
66.7125096718
66.7125096718
66.7125096718
66.7125096718
66.7125096718
66.7125096718
66.7125096718
66.7125096718
66.7125096718
66.7125096718
66.7125096718
66.7125096718
66.7125096718
66.7125096718
66.7125096718
66.7125096718
66.7125096718
66.7125096718
66.7125096718
66.7125096718
66.7125096718
66.7125096718
66.7125096718
66.7125096718
66.7125096718
66.7125096718
66.7125096718
66.7125096718
66.7125096718
66.7125096718
66.7125096718
66.7125096718
66.7125096718
66.7125096718
66.7125096718
66.7125096718
66.7125096718
66.7125096718
66.7125096718
66.7125096718
66.7125096718
66.7125096718
66.7125096718
66.7125096718
66.7125096718
66.7125096718
66.7125096718
66.7125096718
66.7125096718
66.7125096718
66.7125096718
66.7125096718
66.7125096718
66.7125096718
66.7125096718
66.7125096718
66.7125096718
66.7125096718
66.7125096718
66.7125096718
66.7125096718
66.7125096718
66.7125096718
66.7125096718
66.7125096718
66.7125096718
66.7125096718
66.7125096718
66.7125096718
66.7125096718
66.7125096718
66.7125096718
66.7125096718
66.7125096718
66.7125096718
66.7125096718
66.7125096718
66.7125096718
66.7125096718
66.7125096718
66.7125096718
66.7125096718
66.7125096718
66.7125096718
66.7125096718
66.7125096718
66.7125096718
66.7125096718
66.7125096718
66.7125096718
66.7125096718
66.7125096718
66.7125096718
66.7125096718
66.7125096718
66.7125096718
66.7125096718
66.7125096718
66.7125096718
66.7125096718
66.7125096718
66.7125096718
66.7125096718
66.7125096718
66.7125096718
66.7125096718
66.7125096718
66.7125096718
66.7125096718
66.7125096718
66.7125096718
66.7125096718
66.7125096718
66.7125096718
66.7125096718
66.7125096718
66.7125096718
66.7125096718
66.7125096718
66.7125096718
66.7125096718
66.7125096718
66.7125096718
66.7125096718
66.7125096718
66.7125096718
66.7125096718
66.7125096718
66.7125096718
66.7125096718
66.7125096718
66.7125096718
66.7125096718
66.7125096718
66.7125096718
66.7125096718
66.7125096718
66.7125096718
66.7125096718
66.7125096718
66.7125096718
66.7125096718
66.7125096718
66.7125096718
66.7125096718
66.7125096718
66.7125096718
66.7125096718
66.7125096718
66.7125096718
66.7125096718
66.7125096718
66.7125096718
66.7125096718
66.7125096718
66.7125096718
66.7125096718
66.7125096718
66.7125096718
66.7125096718
66.7125096718
66.7125096718
66.7125096718
66.7125096718
66.7125096718
66.7125096718
66.7125096718
66.7125096718
66.7125096718
66.7125096718
66.7125096718
66.7125096718
66.7125096718
66.7125096718
66.7125096718
66.7125096718
66.7125096718
66.7125096718
66.7125096718
66.7125096718
66.7125096718
66.7125096718
66.7125096718
66.7125096718
66.7125096718
66.7125096718
66.7125096718
66.7125096718
66.7125096718
66.7125096718
66.7125096718
66.7125096718
66.7125096718
66.7125096718
66.7125096718
66.7125096718
66.7125096718
66.7125096718
66.7125096718
66.7125096718
66.7125096718
66.7125096718
66.7125096718
66.7125096718
66.7125096718
66.7125096718
66.7125096718
66.7125096718
66.7125096718
66.7125096718
66.7125096718
66.7125096718
66.7125096718
66.7125096718
66.7125096718
66.7125096718
66.7125096718
66.7125096718
66.7125096718
66.7125096718
66.7125096718
66.7125096718
66.7125096718
66.7125096718
66.7125096718
66.7125096718
66.7125096718
66.7125096718
66.7125096718
66.7125096718
66.7125096718
66.7125096718
66.7125096718
66.7125096718
66.7125096718
66.7125096718
66.7125096718
66.7125096718
66.7125096718
66.7125096718
66.7125096718
66.7125096718
66.7125096718
66.7125096718
66.7125096718
66.7125096718
66.7125096718
66.7125096718
66.7125096718
66.7125096718
66.7125096718
66.7125096718
66.7125096718
66.7125096718
66.7125096718
66.7125096718
66.7125096718
66.7125096718
66.7125096718
66.7125096718
66.7125096718
66.7125096718
66.7125096718
66.7125096718
66.7125096718
66.7125096718
66.7125096718
66.7125096718
66.7125096718
66.7125096718
66.7125096718
66.7125096718
66.7125096718
66.7125096718
66.7125096718
66.7125096718
66.7125096718
66.7125096718
66.7125096718
66.7125096718
66.7125096718
66.7125096718
66.7125096718
66.7125096718
66.7125096718
66.7125096718
66.7125096718
66.7125096718
66.7125096718
66.7125096718
66.7125096718
66.7125096718
66.7125096718
66.7125096718
66.7125096718
66.7125096718
66.7125096718
66.7125096718
66.7125096718
66.7125096718
66.7125096718
66.7125096718
66.7125096718
66.7125096718
66.7125096718
66.7125096718
66.7125096718
66.7125096718
66.7125096718
66.7125096718
66.7125096718
66.7125096718
66.7125096718
66.7125096718
66.7125096718
66.7125096718
66.7125096718
66.7125096718
66.7125096718
66.7125096718
66.7125096718
66.7125096718
66.7125096718
66.7125096718
66.7125096718
66.7125096718
66.7125096718
66.7125096718
66.7125096718
66.7125096718
66.7125096718
66.7125096718
66.7125096718
66.7125096718
66.7125096718
66.7125096718
66.7125096718
66.7125096718
66.7125096718
66.7125096718
66.7125096718
66.7125096718
66.7125096718
66.7125096718
66.7125096718
66.7125096718
66.7125096718
66.7125096718
66.7125096718
66.7125096718
66.7125096718
66.7125096718
66.7125096718
66.7125096718
66.7125096718
66.7125096718
66.7125096718
66.7125096718
66.7125096718
66.7125096718
66.7125096718
66.7125096718
66.7125096718
66.7125096718
66.7125096718
66.7125096718
66.7125096718
66.7125096718
66.7125096718
66.7125096718
66.7125096718
66.7125096718
66.7125096718
66.7125096718
66.7125096718
66.7125096718
66.7125096718
66.7125096718
66.7125096718
66.7125096718
66.7125096718
66.7125096718
66.7125096718
66.7125096718
66.7125096718
66.7125096718
66.7125096718
66.7125096718
66.7125096718
66.7125096718
66.7125096718
66.7125096718
66.7125096718
66.7125096718
66.7125096718
66.7125096718
66.7125096718
66.7125096718
66.7125096718
66.7125096718
66.7125096718
66.7125096718
66.7125096718
66.7125096718
66.7125096718
66.7125096718
66.7125096718
66.7125096718
66.7125096718
66.7125096718
66.7125096718
66.7125096718
66.7125096718
66.7125096718
66.7125096718
66.7125096718
66.7125096718
66.7125096718
66.7125096718
66.7125096718
66.7125096718
66.7125096718
66.7125096718
66.7125096718
66.7125096718
66.7125096718
66.7125096718
66.7125096718
66.7125096718
66.7125096718
66.7125096718
66.7125096718
66.7125096718
66.7125096718
66.7125096718
66.7125096718
66.7125096718
66.7125096718
66.7125096718
66.7125096718
66.7125096718
66.7125096718
66.7125096718
66.7125096718
66.7125096718
66.7125096718
66.7125096718
66.7125096718
66.7125096718
66.7125096718
66.7125096718
66.7125096718
66.7125096718
66.7125096718
66.7125096718
66.7125096718
66.7125096718
66.7125096718
66.7125096718
66.7125096718
66.7125096718
66.7125096718
66.7125096718
66.7125096718
66.7125096718
66.7125096718
66.7125096718
66.7125096718
66.7125096718
66.7125096718
66.7125096718
66.7125096718
66.7125096718
66.7125096718
66.7125096718
66.7125096718
66.7125096718
66.7125096718
66.7125096718
66.7125096718
66.7125096718
66.7125096718
66.7125096718
66.7125096718
66.7125096718
66.7125096718
66.7125096718
66.7125096718
66.7125096718
66.7125096718
66.7125096718
66.7125096718
66.7125096718
66.7125096718
66.7125096718
66.7125096718
66.7125096718
66.7125096718
66.7125096718
66.7125096718
66.7125096718
66.7125096718
66.7125096718
66.7125096718
66.7125096718
66.7125096718
66.7125096718
66.7125096718
66.7125096718
66.7125096718
66.7125096718
66.7125096718
66.7125096718
66.7125096718
66.7125096718
66.7125096718
66.7125096718
66.7125096718
66.7125096718
66.7125096718
66.7125096718
66.7125096718
66.7125096718
66.7125096718
66.7125096718
66.7125096718
66.7125096718
66.7125096718
66.7125096718
66.7125096718
66.7125096718
66.7125096718
66.7125096718
66.7125096718
66.7125096718
66.7125096718
66.7125096718
66.7125096718
66.7125096718
66.7125096718
66.7125096718
66.7125096718
66.7125096718
66.7125096718
66.7125096718
66.7125096718
66.7125096718
66.7125096718
66.7125096718
66.7125096718
66.7125096718
66.7125096718
66.7125096718
66.7125096718
66.7125096718
66.7125096718
66.7125096718
66.7125096718
66.7125096718
66.7125096718
66.7125096718
66.7125096718
66.7125096718
66.7125096718
66.7125096718
66.7125096718
66.7125096718
66.7125096718
66.7125096718
66.7125096718
66.7125096718
66.7125096718
66.7125096718
66.7125096718
66.7125096718
66.7125096718
66.7125096718
66.7125096718
66.7125096718
66.7125096718
66.7125096718
66.7125096718
66.7125096718
66.7125096718
66.7125096718
66.7125096718
66.7125096718
66.7125096718
66.7125096718
66.7125096718
66.7125096718
66.7125096718
66.7125096718
66.7125096718
66.7125096718
66.7125096718
66.7125096718
66.7125096718
66.7125096718
66.7125096718
66.7125096718
66.7125096718
66.7125096718
66.7125096718
66.7125096718
66.7125096718
66.7125096718
66.7125096718
66.7125096718
66.7125096718
66.7125096718
66.7125096718
66.7125096718
66.7125096718
66.7125096718
66.7125096718
66.7125096718
66.7125096718
66.7125096718
66.7125096718
66.7125096718
66.7125096718
66.7125096718
66.7125096718
66.7125096718
66.7125096718
66.7125096718
66.7125096718
66.7125096718
66.7125096718
66.7125096718
66.7125096718
66.7125096718
66.7125096718
66.7125096718
66.7125096718
66.7125096718
66.7125096718
66.7125096718
66.7125096718
66.7125096718
66.7125096718
66.7125096718
66.7125096718
66.7125096718
66.7125096718
66.7125096718
66.7125096718
66.7125096718
66.7125096718
66.7125096718
66.7125096718
66.7125096718
66.7125096718
66.7125096718
66.7125096718
66.7125096718
66.7125096718
66.7125096718
66.7125096718
66.7125096718
66.7125096718
66.7125096718
66.7125096718
66.7125096718
66.7125096718
66.7125096718
66.7125096718
66.7125096718
66.7125096718
66.7125096718
66.7125096718
66.7125096718
66.7125096718
66.7125096718
66.7125096718
66.7125096718
66.7125096718
66.7125096718
66.7125096718
66.7125096718
66.7125096718
66.7125096718
66.7125096718
66.7125096718
66.7125096718
66.7125096718
66.7125096718
66.7125096718
66.7125096718
66.7125096718
66.7125096718
66.7125096718
66.7125096718
66.7125096718
66.7125096718
66.7125096718
66.7125096718
66.7125096718
66.7125096718
66.7125096718
66.7125096718
66.7125096718
66.7125096718
66.7125096718
66.7125096718
66.7125096718
66.7125096718
66.7125096718
66.7125096718
66.7125096718
66.7125096718
66.7125096718
66.7125096718
66.7125096718
66.7125096718
66.7125096718
66.7125096718
66.7125096718
66.7125096718
66.7125096718
66.7125096718
66.7125096718
66.7125096718
66.7125096718
66.7125096718
66.7125096718
66.7125096718
66.7125096718
66.7125096718
66.7125096718
66.7125096718
66.7125096718
66.7125096718
66.7125096718
66.7125096718
66.7125096718
66.7125096718
66.7125096718
66.7125096718
66.7125096718
66.7125096718
66.7125096718
66.7125096718
66.7125096718
66.7125096718
66.7125096718
66.7125096718
66.7125096718
66.7125096718
66.7125096718
66.7125096718
66.7125096718
66.7125096718
66.7125096718
66.7125096718
66.7125096718
66.7125096718
66.7125096718
66.7125096718
66.7125096718
66.7125096718
66.7125096718
66.7125096718
66.7125096718
66.7125096718
66.7125096718
66.7125096718
66.7125096718
66.7125096718
66.7125096718
66.7125096718
66.7125096718
66.7125096718
66.7125096718
66.7125096718
66.7125096718
66.7125096718
66.7125096718
66.7125096718
66.7125096718
66.7125096718
66.7125096718
66.7125096718
66.7125096718
66.7125096718
66.7125096718
66.7125096718
66.7125096718
66.7125096718
66.7125096718
66.7125096718
66.7125096718
66.7125096718
66.7125096718
66.7125096718
66.7125096718
66.7125096718
66.7125096718
66.7125096718
66.7125096718
66.7125096718
66.7125096718
66.7125096718
66.7125096718
66.7125096718
66.7125096718
66.7125096718
66.7125096718
66.7125096718
66.7125096718
66.7125096718
66.7125096718
66.7125096718
66.7125096718
66.7125096718
66.7125096718
66.7125096718
66.7125096718
66.7125096718
66.7125096718
66.7125096718
66.7125096718
66.7125096718
66.7125096718
66.7125096718
66.7125096718
66.7125096718
66.7125096718
66.7125096718
66.7125096718
66.7125096718
66.7125096718
66.7125096718
66.7125096718
66.7125096718
66.7125096718
66.7125096718
66.7125096718
66.7125096718
66.7125096718
66.7125096718
66.7125096718
66.7125096718
66.7125096718
66.7125096718
66.7125096718
66.7125096718
66.7125096718
66.7125096718
66.7125096718
66.7125096718
66.7125096718
66.7125096718
66.7125096718
66.7125096718
66.7125096718
66.7125096718
66.7125096718
66.7125096718
66.7125096718
66.7125096718
66.7125096718
66.7125096718
66.7125096718
66.7125096718
66.7125096718
66.7125096718
66.7125096718
66.7125096718
66.7125096718
66.7125096718
66.7125096718
66.7125096718
66.7125096718
66.7125096718
66.7125096718
66.7125096718
66.7125096718
66.7125096718
66.7125096718
66.7125096718
66.7125096718
66.7125096718
66.7125096718
66.7125096718
66.7125096718
66.7125096718
66.7125096718
66.7125096718
66.7125096718
66.7125096718
66.7125096718
66.7125096718
66.7125096718
66.7125096718
66.7125096718
66.7125096718
66.7125096718
66.7125096718
66.7125096718
66.7125096718
66.7125096718
66.7125096718
66.7125096718
66.7125096718
66.7125096718
66.7125096718
66.7125096718
66.7125096718
66.7125096718
66.7125096718
66.7125096718
66.7125096718
66.7125096718
66.7125096718
66.7125096718
66.7125096718
66.7125096718
66.7125096718
66.7125096718
66.7125096718
66.7125096718
66.7125096718
66.7125096718
66.7125096718
66.7125096718
66.7125096718
66.7125096718
66.7125096718
66.7125096718
66.7125096718
66.7125096718
66.7125096718
66.7125096718
66.7125096718
66.7125096718
66.7125096718
66.7125096718
66.7125096718
66.7125096718
66.7125096718
66.7125096718
66.7125096718
66.7125096718
66.7125096718
66.7125096718
66.7125096718
66.7125096718
66.7125096718
66.7125096718
66.7125096718
66.7125096718
66.7125096718
66.7125096718
66.7125096718
66.7125096718
66.7125096718
66.7125096718
66.7125096718
66.7125096718
66.7125096718
66.7125096718
66.7125096718
66.7125096718
66.7125096718
66.7125096718
66.7125096718
66.7125096718
66.7125096718
66.7125096718
66.7125096718
66.7125096718
66.7125096718
66.7125096718
66.7125096718
66.7125096718
66.7125096718
66.7125096718
66.7125096718
66.7125096718
66.7125096718
66.7125096718
66.7125096718
66.7125096718
66.7125096718
66.7125096718
66.7125096718
66.7125096718
66.7125096718
66.7125096718
66.7125096718
66.7125096718
66.7125096718
66.7125096718
66.7125096718
66.7125096718
66.7125096718
66.7125096718
66.7125096718
66.7125096718
66.7125096718
66.7125096718
66.7125096718
66.7125096718
66.7125096718
66.7125096718
66.7125096718
66.7125096718
66.7125096718
66.7125096718
66.7125096718
66.7125096718
66.7125096718
66.7125096718
66.7125096718
66.7125096718
66.7125096718
66.7125096718
66.7125096718
66.7125096718
66.7125096718
66.7125096718
66.7125096718
66.7125096718
66.7125096718
66.7125096718
66.7125096718
66.7125096718
66.7125096718
66.7125096718
66.7125096718
66.7125096718
66.7125096718
66.7125096718
66.7125096718
66.7125096718
66.7125096718
66.7125096718
66.7125096718
66.7125096718
66.7125096718
66.7125096718
66.7125096718
66.7125096718
66.7125096718
66.7125096718
66.7125096718
66.7125096718
66.7125096718
66.7125096718
66.7125096718
66.7125096718
66.7125096718
66.7125096718
66.7125096718
66.7125096718
66.7125096718
66.7125096718
66.7125096718
66.7125096718
66.7125096718
66.7125096718
66.7125096718
66.7125096718
66.7125096718
66.7125096718
66.7125096718
66.7125096718
66.7125096718
66.7125096718
66.7125096718
66.7125096718
66.7125096718
66.7125096718
66.7125096718
66.7125096718
66.7125096718
66.7125096718
66.7125096718
66.7125096718
66.7125096718
66.7125096718
66.7125096718
66.7125096718
66.7125096718
66.7125096718
66.7125096718
66.7125096718
66.7125096718
66.7125096718
66.7125096718
66.7125096718
66.7125096718
66.7125096718
66.7125096718
66.7125096718
66.7125096718
66.7125096718
66.7125096718
66.7125096718
66.7125096718
66.7125096718
66.7125096718
66.7125096718
66.7125096718
66.7125096718
66.7125096718
66.7125096718
66.7125096718
66.7125096718
66.7125096718
66.7125096718
66.7125096718
66.7125096718
66.7125096718
66.7125096718
66.7125096718
66.7125096718
66.7125096718
66.7125096718
66.7125096718
66.7125096718
66.7125096718
66.7125096718
66.7125096718
66.7125096718
66.7125096718
66.7125096718
66.7125096718
66.7125096718
66.7125096718
66.7125096718
66.7125096718
66.7125096718
66.7125096718
66.7125096718
66.7125096718
66.7125096718
66.7125096718
66.7125096718
66.7125096718
66.7125096718
66.7125096718
66.7125096718
66.7125096718
66.7125096718
66.7125096718
66.7125096718
66.7125096718
66.7125096718
66.7125096718
66.7125096718
66.7125096718
66.7125096718
66.7125096718
66.7125096718
66.7125096718
66.7125096718
66.7125096718
66.7125096718
66.7125096718
66.7125096718
66.7125096718
66.7125096718
66.7125096718
66.7125096718
66.7125096718
66.7125096718
66.7125096718
66.7125096718
66.7125096718
66.7125096718
66.7125096718
66.7125096718
66.7125096718
66.7125096718
66.7125096718
66.7125096718
66.7125096718
66.7125096718
66.7125096718
66.7125096718
66.7125096718
66.7125096718
66.7125096718
66.7125096718
66.7125096718
66.7125096718
66.7125096718
66.7125096718
66.7125096718
66.7125096718
66.7125096718
66.7125096718
66.7125096718
66.7125096718
66.7125096718
66.7125096718
66.7125096718
66.7125096718
66.7125096718
66.7125096718
66.7125096718
66.7125096718
66.7125096718
66.7125096718
66.7125096718
66.7125096718
66.7125096718
66.7125096718
66.7125096718
66.7125096718
66.7125096718
66.7125096718
66.7125096718
66.7125096718
66.7125096718
66.7125096718
66.7125096718
66.7125096718
66.7125096718
66.7125096718
66.7125096718
66.7125096718
66.7125096718
66.7125096718
66.7125096718
66.7125096718
66.7125096718
66.7125096718
66.7125096718
66.7125096718
66.7125096718
66.7125096718
66.7125096718
66.7125096718
66.7125096718
66.7125096718
66.7125096718
66.7125096718
66.7125096718
66.7125096718
66.7125096718
66.7125096718
66.7125096718
66.7125096718
66.7125096718
66.7125096718
66.7125096718
66.7125096718
66.7125096718
66.7125096718
66.7125096718
66.7125096718
66.7125096718
66.7125096718
66.7125096718
66.7125096718
66.7125096718
66.7125096718
66.7125096718
66.7125096718
66.7125096718
66.7125096718
66.7125096718
66.7125096718
66.7125096718
66.7125096718
66.7125096718
66.7125096718
66.7125096718
66.7125096718
66.7125096718
66.7125096718
66.7125096718
66.7125096718
66.7125096718
66.7125096718
66.7125096718
66.7125096718
66.7125096718
66.7125096718
66.7125096718
66.7125096718
66.7125096718
66.7125096718
66.7125096718
66.7125096718
66.7125096718
66.7125096718
66.7125096718
66.7125096718
66.7125096718
66.7125096718
66.7125096718
66.7125096718
66.7125096718
66.7125096718
66.7125096718
66.7125096718
66.7125096718
66.7125096718
66.7125096718
66.7125096718
66.7125096718
66.7125096718
66.7125096718
66.7125096718
66.7125096718
66.7125096718
66.7125096718
66.7125096718
66.7125096718
66.7125096718
66.7125096718
66.7125096718
66.7125096718
66.7125096718
66.7125096718
66.7125096718
66.7125096718
66.7125096718
66.7125096718
66.7125096718
66.7125096718
66.7125096718
66.7125096718
66.7125096718
66.7125096718
66.7125096718
66.7125096718
66.7125096718
66.7125096718
66.7125096718
66.7125096718
66.7125096718
66.7125096718
66.7125096718
66.7125096718
66.7125096718
66.7125096718
66.7125096718
66.7125096718
66.7125096718
66.7125096718
66.7125096718
66.7125096718
66.7125096718
66.7125096718
66.7125096718
66.7125096718
66.7125096718
66.7125096718
66.7125096718
66.7125096718
66.7125096718
66.7125096718
66.7125096718
66.7125096718
66.7125096718
66.7125096718
66.7125096718
66.7125096718
66.7125096718
66.7125096718
66.7125096718
66.7125096718
66.7125096718
66.7125096718
66.7125096718
66.7125096718
66.7125096718
66.7125096718
66.7125096718
66.7125096718
66.7125096718
66.7125096718
66.7125096718
66.7125096718
66.7125096718
66.7125096718
66.7125096718
66.7125096718
66.7125096718
66.7125096718
66.7125096718
66.7125096718
66.7125096718
66.7125096718
66.7125096718
66.7125096718
66.7125096718
66.7125096718
66.7125096718
66.7125096718
66.7125096718
66.7125096718
66.7125096718
66.7125096718
66.7125096718
66.7125096718
66.7125096718
66.7125096718
66.7125096718
66.7125096718
66.7125096718
66.7125096718
66.7125096718
66.7125096718
66.7125096718
66.7125096718
66.7125096718
66.7125096718
66.7125096718
66.7125096718
66.7125096718
66.7125096718
66.7125096718
66.7125096718
66.7125096718
66.7125096718
66.7125096718
66.7125096718
66.7125096718
66.7125096718
66.7125096718
66.7125096718
66.7125096718
66.7125096718
66.7125096718
66.7125096718
66.7125096718
66.7125096718
66.7125096718
66.7125096718
66.7125096718
66.7125096718
66.7125096718
66.7125096718
66.7125096718
66.7125096718
66.7125096718
66.7125096718
66.7125096718
66.7125096718
66.7125096718
66.7125096718
66.7125096718
66.7125096718
66.7125096718
66.7125096718
66.7125096718
66.7125096718
66.7125096718
66.7125096718
66.7125096718
66.7125096718
66.7125096718
66.7125096718
66.7125096718
66.7125096718
66.7125096718
66.7125096718
66.7125096718
66.7125096718
66.7125096718
66.7125096718
66.7125096718
66.7125096718
66.7125096718
66.7125096718
66.7125096718
66.7125096718
66.7125096718
66.7125096718
66.7125096718
66.7125096718
66.7125096718
66.7125096718
66.7125096718
66.7125096718
66.7125096718
66.7125096718
66.7125096718
66.7125096718
66.7125096718
66.7125096718
66.7125096718
66.7125096718
66.7125096718
66.7125096718
66.7125096718
66.7125096718
66.7125096718
66.7125096718
66.7125096718
66.7125096718
66.7125096718
66.7125096718
66.7125096718
66.7125096718
66.7125096718
66.7125096718
66.7125096718
66.7125096718
66.7125096718
66.7125096718
66.7125096718
66.7125096718
66.7125096718
66.7125096718
66.7125096718
66.7125096718
66.7125096718
66.7125096718
66.7125096718
66.7125096718
66.7125096718
66.7125096718
66.7125096718
66.7125096718
66.7125096718
66.7125096718
66.7125096718
66.7125096718
66.7125096718
66.7125096718
66.7125096718
66.7125096718
66.7125096718
66.7125096718
66.7125096718
66.7125096718
66.7125096718
66.7125096718
66.7125096718
66.7125096718
66.7125096718
66.7125096718
66.7125096718
66.7125096718
66.7125096718
66.7125096718
66.7125096718
66.7125096718
66.7125096718
66.7125096718
66.7125096718
66.7125096718
66.7125096718
66.7125096718
66.7125096718
66.7125096718
66.7125096718
66.7125096718
66.7125096718
66.7125096718
66.7125096718
66.7125096718
66.7125096718
66.7125096718
66.7125096718
66.7125096718
66.7125096718
66.7125096718
66.7125096718
66.7125096718
66.7125096718
66.7125096718
66.7125096718
66.7125096718
66.7125096718
66.7125096718
66.7125096718
66.7125096718
66.7125096718
66.7125096718
66.7125096718
66.7125096718
66.7125096718
66.7125096718
66.7125096718
66.7125096718
66.7125096718
66.7125096718
66.7125096718
66.7125096718
66.7125096718
66.7125096718
66.7125096718
66.7125096718
66.7125096718
66.7125096718
66.7125096718
66.7125096718
66.7125096718
66.7125096718
66.7125096718
66.7125096718
66.7125096718
66.7125096718
66.7125096718
66.7125096718
66.7125096718
66.7125096718
66.7125096718
66.7125096718
66.7125096718
66.7125096718
66.7125096718
66.7125096718
66.7125096718
66.7125096718
66.7125096718
66.7125096718
66.7125096718
66.7125096718
66.7125096718
66.7125096718
66.7125096718
66.7125096718
66.7125096718
66.7125096718
66.7125096718
66.7125096718
66.7125096718
66.7125096718
66.7125096718
66.7125096718
66.7125096718
66.7125096718
66.7125096718
66.7125096718
66.7125096718
66.7125096718
66.7125096718
66.7125096718
66.7125096718
66.7125096718
66.7125096718
66.7125096718
66.7125096718
66.7125096718
66.7125096718
66.7125096718
66.7125096718
66.7125096718
66.7125096718
66.7125096718
66.7125096718
66.7125096718
66.7125096718
66.7125096718
66.7125096718
66.7125096718
66.7125096718
66.7125096718
66.7125096718
66.7125096718
66.7125096718
66.7125096718
66.7125096718
66.7125096718
66.7125096718
66.7125096718
66.7125096718
66.7125096718
66.7125096718
66.7125096718
66.7125096718
66.7125096718
66.7125096718
66.7125096718
66.7125096718
66.7125096718
66.7125096718
66.7125096718
66.7125096718
66.7125096718
66.7125096718
66.7125096718
66.7125096718
66.7125096718
66.7125096718
66.7125096718
66.7125096718
66.7125096718
66.7125096718
66.7125096718
66.7125096718
66.7125096718
66.7125096718
66.7125096718
66.7125096718
66.7125096718
66.7125096718
66.7125096718
66.7125096718
66.7125096718
66.7125096718
66.7125096718
66.7125096718
66.7125096718
66.7125096718
66.7125096718
66.7125096718
66.7125096718
66.7125096718
66.7125096718
66.7125096718
66.7125096718
66.7125096718
66.7125096718
66.7125096718
66.7125096718
66.7125096718
66.7125096718
66.7125096718
66.7125096718
66.7125096718
66.7125096718
66.7125096718
66.7125096718
66.7125096718
66.7125096718
66.7125096718
66.7125096718
66.7125096718
66.7125096718
66.7125096718
66.7125096718
66.7125096718
66.7125096718
66.7125096718
66.7125096718
66.7125096718
66.7125096718
66.7125096718
66.7125096718
66.7125096718
66.7125096718
66.7125096718
66.7125096718
66.7125096718
66.7125096718
66.7125096718
66.7125096718
66.7125096718
66.7125096718
66.7125096718
66.7125096718
66.7125096718
66.7125096718
66.7125096718
66.7125096718
66.7125096718
66.7125096718
66.7125096718
66.7125096718
66.7125096718
66.7125096718
66.7125096718
66.7125096718
66.7125096718
66.7125096718
66.7125096718
66.7125096718
66.7125096718
66.7125096718
66.7125096718
66.7125096718
66.7125096718
66.7125096718
66.7125096718
66.7125096718
66.7125096718
66.7125096718
66.7125096718
66.7125096718
66.7125096718
66.7125096718
66.7125096718
66.7125096718
66.7125096718
66.7125096718
66.7125096718
66.7125096718
66.7125096718
66.7125096718
66.7125096718
66.7125096718
66.7125096718
66.7125096718
66.7125096718
66.7125096718
66.7125096718
66.7125096718
66.7125096718
66.7125096718
66.7125096718
66.7125096718
66.7125096718
66.7125096718
66.7125096718
66.7125096718
66.7125096718
66.7125096718
66.7125096718
66.7125096718
66.7125096718
66.7125096718
66.7125096718
66.7125096718
66.7125096718
66.7125096718
66.7125096718
66.7125096718
66.7125096718
66.7125096718
66.7125096718
66.7125096718
66.7125096718
66.7125096718
66.7125096718
66.7125096718
66.7125096718
66.7125096718
66.7125096718
66.7125096718
66.7125096718
66.7125096718
66.7125096718
66.7125096718
66.7125096718
66.7125096718
66.7125096718
66.7125096718
66.7125096718
66.7125096718
66.7125096718
66.7125096718
66.7125096718
66.7125096718
66.7125096718
66.7125096718
66.7125096718
66.7125096718
66.7125096718
66.7125096718
66.7125096718
66.7125096718
66.7125096718
66.7125096718
66.7125096718
66.7125096718
66.7125096718
66.7125096718
66.7125096718
66.7125096718
66.7125096718
66.7125096718
66.7125096718
66.7125096718
66.7125096718
66.7125096718
66.7125096718
66.7125096718
66.7125096718
66.7125096718
66.7125096718
66.7125096718
66.7125096718
66.7125096718
66.7125096718
66.7125096718
66.7125096718
66.7125096718
66.7125096718
66.7125096718
66.7125096718
66.7125096718
66.7125096718
66.7125096718
66.7125096718
66.7125096718
66.7125096718
66.7125096718
66.7125096718
66.7125096718
66.7125096718
66.7125096718
66.7125096718
66.7125096718
66.7125096718
66.7125096718
66.7125096718
66.7125096718
66.7125096718
66.7125096718
66.7125096718
66.7125096718
66.7125096718
