434.3882368402777
434.3882368402777
434.3882368402777
434.3882368402777
434.3882368402777
434.3882368402777
434.3882368402777
434.3882368402777
433.07035775201075
433.07035775201075
364.9006303876894
364.9006303876894
364.9006303876894
364.9006303876894
364.9006303876894
364.9006303876894
364.9006303876894
364.9006303876894
364.9006303876894
364.9006303876894
364.9006303876894
364.9006303876894
364.9006303876894
364.9006303876894
364.9006303876894
364.9006303876894
364.9006303876894
364.9006303876894
364.9006303876894
364.9006303876894
364.9006303876894
364.9006303876894
364.9006303876894
364.9006303876894
353.7388785999315
353.7388785999315
353.7388785999315
311.96586734902786
311.96586734902786
311.96586734902786
311.96586734902786
311.96586734902786
311.96586734902786
311.96586734902786
304.02736070046427
304.02736070046427
304.02736070046427
304.02736070046427
304.02736070046427
304.02736070046427
304.02736070046427
304.02736070046427
301.18003172866753
301.18003172866753
301.18003172866753
301.18003172866753
301.18003172866753
301.18003172866753
278.8364978174346
278.8364978174346
278.8364978174346
278.8364978174346
261.6527456674322
261.6527456674322
261.6527456674322
261.6527456674322
261.6527456674322
261.6527456674322
261.6527456674322
261.6527456674322
261.6527456674322
261.6527456674322
261.6527456674322
261.6527456674322
261.6527456674322
261.6527456674322
261.6527456674322
261.6527456674322
261.6527456674322
257.8805575357419
257.016970011034
243.95153085166856
235.5506825418133
235.5506825418133
235.5506825418133
235.5506825418133
235.5506825418133
235.5506825418133
235.5506825418133
235.5506825418133
235.5506825418133
235.5506825418133
235.5506825418133
235.5506825418133
235.5506825418133
235.5506825418133
235.5506825418133
235.5506825418133
235.5506825418133
235.5506825418133
225.80047696457171
225.80047696457171
225.80047696457171
225.80047696457171
225.80047696457171
225.80047696457171
225.80047696457171
225.80047696457171
219.33924307314027
219.33924307314027
219.33924307314027
219.33924307314027
207.26510012706512
207.26510012706512
207.26510012706512
207.26510012706512
207.26510012706512
198.85363348459026
198.85363348459026
198.85363348459026
198.85363348459026
198.85363348459026
195.81387524143042
195.6050238240834
195.6050238240834
195.6050238240834
195.6050238240834
194.9580229872345
194.41422459751345
194.24809566614283
191.61436117325013
191.3362012086231
191.3362012086231
191.3362012086231
188.9936615706298
188.9936615706298
187.70426037661298
187.00302696304462
184.70732164887997
183.50499023901133
183.50499023901133
172.47492862771975
172.47492862771975
172.47492862771975
172.19571480260836
172.19571480260836
172.19571480260836
172.19571480260836
172.19571480260836
165.4468968410794
165.4468968410794
165.4468968410794
165.4468968410794
165.4468968410794
165.4468968410794
165.4468968410794
165.4468968410794
165.4468968410794
165.4468968410794
165.4468968410794
161.1051668697536
161.1051668697536
161.1051668697536
161.1051668697536
161.1051668697536
161.1051668697536
161.1051668697536
161.1051668697536
161.1051668697536
161.1051668697536
161.1051668697536
161.1051668697536
161.1051668697536
161.1051668697536
161.1051668697536
158.96329432480576
158.96329432480576
158.48454085290484
158.3298559500236
158.3298559500236
150.84177249264116
150.84177249264116
150.84177249264116
150.84177249264116
147.9235773905881
147.9235773905881
147.9235773905881
147.9235773905881
147.9235773905881
147.9235773905881
147.9235773905881
147.9235773905881
147.9235773905881
147.79597100955505
147.79597100955505
147.38925894919072
144.00048343765513
143.75319046128462
143.75319046128462
143.75319046128462
143.75319046128462
143.75319046128462
143.75319046128462
143.75319046128462
140.88302507945198
140.2940897163856
138.6168277960442
136.96706000058504
136.96706000058504
136.96706000058504
136.96706000058504
136.96706000058504
136.96706000058504
136.96706000058504
136.96706000058504
136.96706000058504
135.6208746792851
135.4828433176649
135.4828433176649
135.4828433176649
135.3659916926057
135.3659916926057
135.3659916926057
135.3659916926057
135.3659916926057
135.3659916926057
134.7983797201143
134.7983797201143
133.5267830565209
133.5267830565209
133.5267830565209
133.5267830565209
131.91431023836915
131.91431023836915
131.91431023836915
131.91431023836915
131.91431023836915
130.5800240322269
130.5800240322269
130.5800240322269
130.5800240322269
130.5800240322269
130.5800240322269
130.5800240322269
130.5800240322269
130.50307866682036
129.82556355593644
129.82556355593644
129.82556355593644
129.82556355593644
129.82556355593644
129.82556355593644
129.82556355593644
129.82556355593644
129.82556355593644
129.82556355593644
129.82556355593644
129.82556355593644
129.82556355593644
129.82556355593644
129.82556355593644
129.82556355593644
129.82556355593644
129.82556355593644
129.82556355593644
129.82556355593644
129.82556355593644
129.82556355593644
129.82556355593644
129.82556355593644
129.6217730099099
128.86046490133444
128.7844140351429
128.2560475745378
127.53070269622351
126.76138139434661
126.76138139434661
126.76138139434661
126.76138139434661
125.16664377549398
119.27135003343273
118.57358531057652
118.57358531057652
118.57358531057652
118.57358531057652
118.57358531057652
118.57358531057652
118.57358531057652
118.57358531057652
118.57358531057652
118.57358531057652
118.57358531057652
118.57358531057652
118.57358531057652
118.57358531057652
118.57358531057652
118.57358531057652
118.57358531057652
118.39841414389494
114.9444124307047
114.9444124307047
114.9444124307047
114.9444124307047
114.9444124307047
114.9444124307047
114.9444124307047
114.9444124307047
114.9444124307047
114.9444124307047
114.9444124307047
114.9444124307047
112.10063296917615
112.10063296917615
112.10063296917615
112.10063296917615
112.10063296917615
112.10063296917615
112.10063296917615
112.10063296917615
112.10063296917615
112.10063296917615
112.10063296917615
112.10063296917615
112.10063296917615
112.10063296917615
112.10063296917615
112.10063296917615
112.10063296917615
112.10063296917615
110.66129372719288
110.66129372719288
110.66129372719288
110.66129372719288
110.26784542968626
110.26784542968626
110.26784542968626
110.26784542968626
110.17529871688168
110.17529871688168
110.07290835772646
109.92779228887086
109.84280879384666
109.79200470955138
109.76092445971423
109.74144284246705
109.72893208133688
109.70708717526901
109.70708717526901
109.70708717526901
109.70708717526901
109.70708717526901
109.09031500013546
109.09031500013546
109.09031500013546
108.94112595807282
108.06847075460186
108.06847075460186
108.06847075460186
108.06847075460186
108.06847075460186
108.06847075460186
108.06847075460186
108.06847075460186
108.06847075460186
108.06847075460186
108.06847075460186
107.49678088571449
107.49678088571449
107.49678088571449
107.49678088571449
107.49678088571449
107.49678088571449
107.15341580728438
105.85806586745858
105.85806586745858
105.85806586745858
105.85806586745858
105.85806586745858
105.85806586745858
105.85806586745858
105.85806586745858
105.85806586745858
105.85806586745858
105.85806586745858
105.77477347542232
105.77477347542232
105.77477347542232
104.95220607886844
102.47664350364306
100.66420733032517
100.66420733032517
100.66420733032517
100.66420733032517
100.66420733032517
100.66420733032517
100.66420733032517
100.66420733032517
100.66420733032517
100.66420733032517
100.66420733032517
100.66420733032517
100.58376712266633
99.01176781216465
98.80544691017892
98.79650775107257
98.79650775107257
98.79650775107257
98.79650775107257
97.67079028847537
97.67079028847537
97.67079028847537
97.67079028847537
97.67079028847537
97.67079028847537
97.67079028847537
97.61825736269432
97.61825736269432
97.61825736269432
97.61825736269432
97.61825736269432
97.52240516263367
97.52240516263367
97.52240516263367
97.46706680202462
97.46706680202462
97.38068369612745
97.38068369612745
97.38068369612745
97.38068369612745
97.38068369612745
97.38068369612745
97.38068369612745
97.38068369612745
97.38068369612745
97.38068369612745
97.38068369612745
97.38068369612745
97.38068369612745
97.38068369612745
97.38068369612745
97.15187218186446
96.89095380904173
96.89095380904173
96.89095380904173
96.89095380904173
96.89095380904173
96.89095380904173
96.58744690890475
96.58744690890475
96.58744690890475
96.58744690890475
96.55896785834632
96.55896785834632
96.55896785834632
96.55896785834632
96.55896785834632
96.55896785834632
96.55896785834632
96.55896785834632
96.35969839261458
96.35969839261458
96.35969839261458
96.35969839261458
96.35969839261458
96.35969839261458
96.35969839261458
96.35969839261458
95.21324269197822
95.21324269197822
95.21324269197822
95.21324269197822
95.21324269197822
95.21324269197822
95.21324269197822
95.21324269197822
95.21324269197822
95.21324269197822
95.21324269197822
95.09988107659453
95.04922041249775
94.58384238844421
94.58384238844421
94.58384238844421
94.58384238844421
94.58384238844421
93.77777012728218
91.21219890485064
91.21219890485064
91.21219890485064
91.21219890485064
91.21219890485064
91.21219890485064
91.21219890485064
91.21219890485064
91.21219890485064
91.21219890485064
91.21219890485064
90.91312447771958
90.91312447771958
90.91312447771958
90.91312447771958
90.83589709066638
90.83589709066638
90.83589709066638
90.83589709066638
90.83589709066638
90.82673585778248
90.82673585778248
90.82673585778248
90.8120109617962
90.80732545598951
90.44122826026388
90.42767214932499
90.4051570313668
90.4051570313668
90.4051570313668
90.30974674588961
90.30001736716032
90.30001736716032
90.30001736716032
90.30001736716032
90.25713016934345
90.20490545858122
90.20490545858122
90.20490545858122
90.19919083620735
90.19919083620735
90.19919083620735
90.19919083620735
90.19919083620735
89.98310508225615
89.98310508225615
89.98310508225615
89.98310508225615
89.87470009109344
89.87470009109344
89.87470009109344
89.87470009109344
89.87470009109344
89.76367004052965
89.76367004052965
89.76367004052965
89.71943316424024
89.71943316424024
89.71943316424024
89.71943316424024
89.71943316424024
89.71644461016672
89.71644461016672
89.71644461016672
89.71644461016672
89.64503155870241
89.64503155870241
89.64503155870241
89.64503155870241
89.64503155870241
89.64503155870241
89.21652391895371
89.15380592571846
89.15380592571846
89.15380592571846
89.15380592571846
89.15380592571846
89.15380592571846
89.15380592571846
89.15380592571846
89.15380592571846
89.09035361850846
89.09035361850846
89.09035361850846
89.09035361850846
89.09035361850846
88.71114732276413
88.71114732276413
88.71114732276413
88.63953761319635
88.63953761319635
88.63953761319635
88.62523950118029
88.62523950118029
88.62523950118029
88.61181419342485
88.61181419342485
88.61181419342485
88.61181419342485
88.61181419342485
88.61181419342485
88.61181419342485
88.61181419342485
88.61181419342485
88.60174816692316
88.5942137889822
88.59039887713115
88.53864276799267
88.41856513885682
88.41856513885682
88.39015778647327
88.36503178664438
88.35359874385445
88.34893167728679
88.34748339206965
88.2718192270526
88.2718192270526
88.2718192270526
88.2718192270526
88.2718192270526
88.2718192270526
88.2718192270526
88.19489796560599
88.19489796560599
88.19489796560599
88.19489796560599
88.19489796560599
88.19489796560599
88.19489796560599
88.19489796560599
88.19489796560599
88.19489796560599
88.19489796560599
88.13965476124366
88.12795021631723
88.1167749267681
88.1167749267681
88.1167749267681
88.07100395526001
88.07100395526001
88.07100395526001
88.07100395526001
88.01881441590672
88.01881441590672
88.01881441590672
88.01832381559234
88.01832381559234
87.98044549166718
87.98044549166718
87.98044549166718
87.98044549166718
87.98044549166718
87.98044549166718
87.98044549166718
87.98044549166718
87.98044549166718
87.98044549166718
87.98044549166718
87.94991699985022
87.94991699985022
87.94991699985022
87.94991699985022
87.91174739197224
87.91174739197224
87.91174739197224
87.90522429528998
87.88720881052953
87.88720881052953
87.88720881052953
87.88720881052953
87.88720881052953
87.86368669582536
87.85394545895089
87.85394545895089
87.85394545895089
87.85394545895089
87.84413834348341
87.84413834348341
87.84413834348341
87.81103238358176
87.81103238358176
87.81103238358176
87.81103238358176
87.80507682927168
87.80507682927168
87.80507682927168
87.79513384357708
87.79513384357708
87.79496090037824
87.78102887316608
87.78102887316608
87.78102887316608
87.78102887316608
87.77695302201917
87.77695302201917
87.77695302201917
87.77695302201917
87.77562449765034
87.77311986020283
87.7555584863629
87.7555584863629
87.7555584863629
87.7555584863629
87.7555584863629
87.7555584863629
87.75454762444286
87.74232159615117
87.72976068341252
87.72976068341252
87.72976068341252
87.72976068341252
87.72976068341252
87.72976068341252
87.72976068341252
87.72976068341252
87.72321488845415
87.72186019948339
87.69365277847125
87.35813394409229
87.35813394409229
87.35813394409229
87.3194390171276
87.3194390171276
87.3194390171276
87.3194390171276
87.3194390171276
87.3194390171276
87.3194390171276
87.3194390171276
87.3194390171276
87.3194390171276
87.3194390171276
87.18268299145352
87.18268299145352
87.18268299145352
87.18268299145352
87.18268299145352
87.18268299145352
87.18268299145352
87.18268299145352
87.18268299145352
87.18268299145352
87.18268299145352
87.18268299145352
87.18268299145352
87.18268299145352
87.18268299145352
87.18268299145352
87.18268299145352
87.18268299145352
87.18268299145352
87.18268299145352
87.10070202191264
87.10070202191264
87.10070202191264
87.10070202191264
87.10070202191264
87.10070202191264
87.10070202191264
87.10070202191264
87.10070202191264
87.10070202191264
87.10070202191264
87.10070202191264
87.10070202191264
87.10070202191264
87.10070202191264
87.10070202191264
87.10070202191264
87.10070202191264
87.10070202191264
87.10070202191264
87.10070202191264
87.10070202191264
87.10070202191264
87.10070202191264
87.10070202191264
87.10070202191264
86.99470524844727
86.99470524844727
86.99470524844727
86.99470524844727
86.99470524844727
86.99470524844727
86.99470524844727
86.99470524844727
86.99470524844727
86.99470524844727
86.99470524844727
86.98724183509583
86.98724183509583
86.98724183509583
86.98724183509583
86.97825986485822
86.97500456776196
86.97500456776196
86.89822891222174
86.89822891222174
86.89822891222174
86.89822891222174
86.89822891222174
86.89822891222174
86.89822891222174
86.89822891222174
86.89822891222174
86.89822891222174
86.89822891222174
86.89822891222174
86.89822891222174
86.89822891222174
86.89822891222174
86.89822891222174
86.89010816984238
86.81848395127142
86.81848395127142
86.81848395127142
86.81848395127142
86.81848395127142
86.81848395127142
86.81848395127142
86.81848395127142
86.81848395127142
86.81848395127142
86.81848395127142
86.81848395127142
86.81848395127142
86.80073186066576
86.80073186066576
86.80073186066576
86.80073186066576
86.80073186066576
86.80073186066576
86.80073186066576
86.80073186066576
86.80073186066576
86.79801916342682
86.78795938461006
86.78795938461006
86.7868348626961
86.76898114806029
86.76898114806029
86.76898114806029
86.76898114806029
86.76898114806029
86.7676320530907
86.7676320530907
86.7676320530907
86.7676320530907
86.76148626059866
86.76001918867871
86.74096606025958
86.7328314020544
86.7328314020544
86.7328314020544
86.7328314020544
86.7328314020544
86.7328314020544
86.72377443087738
86.70852799601911
86.70149993149904
86.70149993149904
86.70069862618477
86.70069862618477
86.70069862618477
86.70069862618477
86.67882605712182
86.67882605712182
86.67882605712182
86.67628130393092
86.67628130393092
86.67628130393092
86.67628130393092
86.67628130393092
86.67628130393092
86.67628130393092
86.67417252196691
86.67417252196691
86.67417252196691
86.67417252196691
86.66598600004053
86.66598600004053
86.66598600004053
86.66598600004053
86.66542919761841
86.66542919761841
86.66245377736439
86.66176386885445
86.66176386885445
86.66176386885445
86.66176386885445
86.66176386885445
86.66176386885445
86.66176386885445
86.66176386885445
86.66176386885445
86.66176386885445
86.66064122170587
86.66064122170587
86.66064122170587
86.65899098340562
86.65899098340562
86.65899098340562
86.65899098340562
86.65899098340562
86.65899098340562
86.65899098340562
86.65899098340562
86.65899098340562
86.65899098340562
86.65899098340562
86.65899098340562
86.65899098340562
86.65899098340562
86.65279651614614
86.65279651614614
86.65279651614614
86.65279651614614
86.65279651614614
86.65279651614614
86.65279651614614
86.65279651614614
86.65279651614614
86.65279651614614
86.65279651614614
86.65279651614614
86.65279651614614
86.65279651614614
86.65279651614614
86.65279651614614
86.65279651614614
86.65279651614614
86.65279651614614
86.65207241413351
86.65207241413351
86.65207241413351
86.65207241413351
86.65207241413351
86.65018823644611
86.64796049023248
86.64796049023248
86.64796049023248
86.64773986747272
86.64773986747272
86.64773986747272
86.64766269790735
86.64766269790735
86.64766269790735
86.64766269790735
86.64766269790735
86.64766269790735
86.6469444719503
86.64602636682311
86.64510581078713
86.6440908692162
86.6440908692162
86.6440908692162
86.6440908692162
86.64369214742737
86.64369214742737
86.64369214742737
86.64369214742737
86.64369214742737
86.64369214742737
86.64369214742737
86.64369214742737
86.64369214742737
86.64312336438385
86.64312336438385
86.64191931253293
86.64191931253293
86.64191931253293
86.64191931253293
86.64191931253293
86.64067540956873
86.64067540956873
86.64067540956873
86.64067540956873
86.64067540956873
86.64067540956873
86.64067540956873
86.64067540956873
86.64067540956873
86.64064391204951
86.64040304433567
86.64040304433567
86.64040304433567
86.6398325849911
86.63849798204045
86.63774129103648
86.63774129103648
86.63774129103648
86.63774129103648
86.63774129103648
86.63774129103648
86.63774129103648
86.63774129103648
86.63774129103648
86.63774129103648
86.63731242815956
86.63731242815956
86.63731242815956
86.63731242815956
86.63731242815956
86.63579418232143
86.63579418232143
86.63579418232143
86.63579418232143
86.63579418232143
86.63579418232143
86.63579418232143
86.63579418232143
86.63579418232143
86.63579418232143
86.63579418232143
86.63527825584225
86.63233316041945
86.63090899540256
86.62832556747361
86.62275671269558
86.62275671269558
86.62275671269558
86.62275671269558
86.62275671269558
86.62275671269558
86.62275671269558
86.62275671269558
86.62275671269558
86.62275671269558
86.62275671269558
86.62275671269558
86.61936884596798
86.61936884596798
86.61936884596798
86.61914832825417
86.61877991363889
86.61877991363889
86.61877991363889
86.61844185023588
86.61844185023588
86.61844185023588
86.61778061565461
86.61778061565461
86.61778061565461
86.6157602720915
86.6157602720915
86.6157602720915
86.6157602720915
86.61563219414026
86.61563219414026
86.61563219414026
86.61550451099808
86.61550451099808
86.61550451099808
86.61550451099808
86.61550451099808
86.6146009146743
86.6146009146743
86.6146009146743
86.6146009146743
86.6146009146743
86.6146009146743
86.6146009146743
86.6146009146743
86.6146009146743
86.6146009146743
86.6146009146743
86.61449020800154
86.61449020800154
86.61449020800154
86.6139798517184
86.6139798517184
86.6139798517184
86.6139798517184
86.6139798517184
86.6139798517184
86.6139798517184
86.6139798517184
86.6139798517184
86.6138062863448
86.61379751170743
86.61356937514748
86.61313992856512
86.61313992856512
86.61313992856512
86.61313992856512
86.61312953344444
86.61312953344444
86.61312953344444
86.61306121314446
86.61269705961824
86.61269705961824
86.61267253842718
86.61267253842718
86.61267253842718
86.61265605156241
86.61265289400271
86.61265289400271
86.61265276699915
86.61263269930208
86.61262675108588
86.61262675108588
86.61262675108588
86.61262445714996
86.61259328304953
86.61259328304953
86.61259328304953
86.61259328304953
86.61259328304953
86.61251589048318
86.61230042214682
86.61230042214682
86.61230042214682
86.61230042214682
86.61230042214682
86.61230042214682
86.61230042214682
86.61230042214682
86.61230042214682
86.61230042214682
86.61227773854688
86.61227773854688
86.61227773854688
86.61227773854688
86.61227773854688
86.61227773854688
86.61227773854688
86.61227773854688
86.61227773854688
86.61224659102862
86.61221001706069
86.61221001706069
86.61221001706069
86.61221001706069
86.61221001706069
86.61221001706069
86.61221001706069
86.61221001706069
86.61212085974967
86.61210328098055
86.61210328098055
86.61210328098055
86.61209628873056
86.61209628873056
86.61209628873056
86.6120406504391
86.6120406504391
86.6120406504391
86.6120406504391
86.6120406504391
86.6120406504391
86.6120406504391
86.6120406504391
86.61202553299869
86.61202553299869
86.61202553299869
86.61202553299869
86.61202553299869
86.61202553299869
86.61202553299869
86.61202553299869
86.61202553299869
86.61202553299869
86.61202553299869
86.61202553299869
86.61197605989483
86.61197605989483
86.61197605989483
86.61197605989483
86.61197605989483
86.61197605989483
86.61197605989483
86.61196126920564
86.61196126920564
86.61196126920564
86.61195370769335
86.61194526024566
86.61188564507269
86.61187630096177
86.61187630096177
86.61186024062384
86.61184152589922
86.61184152589922
86.61184152589922
86.61184152589922
86.61183672103316
86.61183672103316
86.61183130587347
86.61182986137281
86.61182986137281
86.61182986137281
86.61182986137281
86.61182117914565
86.61180837597409
86.61180796801806
86.61180796801806
86.61180796801806
86.61179835909658
86.61179558421762
86.61179558421762
86.61174889593059
86.61174889593059
86.61174889593059
86.61173770230036
86.61172728660199
86.61171572422768
86.61171572422768
86.61171572422768
86.61171572422768
86.61171572422768
86.61171572422768
86.61171572422768
86.61171572422768
86.61171572422768
86.61171572422768
86.61171572422768
86.61171572422768
86.61171572422768
86.61171342562048
86.61169350768948
86.61169350768948
86.61169350768948
86.61169350768948
86.61169350768948
86.61169350768948
86.61168345770191
86.61168345770191
86.61168345770191
86.61168345770191
86.61168345770191
86.61168345770191
86.61168345770191
86.61168345770191
86.61166541355485
86.61166541355485
86.61166541355485
86.61166541355485
86.61166541355485
86.61166541355485
86.61166541355485
86.61166541355485
86.61166541355485
86.61166541355485
86.61165906080467
86.61165906080467
86.61165906080467
86.61165906080467
86.61164593835883
86.61164593835883
86.61164593835883
86.61164593835883
86.61164593835883
86.61164593835883
86.61164593835883
86.61164593835883
86.61164593835883
86.61164593835883
86.61164593835883
86.61164593835883
86.61163596618077
86.6116322568494
86.6116322568494
86.61162767683274
86.61161705155558
86.61161452090124
86.61161339373479
86.61161339373479
86.61161339373479
86.6116129615945
86.6116129615945
86.61159174032676
86.61158826637325
86.61158826637325
86.61158826637325
86.61158826637325
86.61158826637325
86.61158826637325
86.61158826637325
86.61158826637325
86.61158826637325
86.61158826637325
86.61158826637325
86.61158826637325
86.61158285956677
86.61157834242248
86.61157834242248
86.61157834242248
86.61157834242248
86.61157834242248
86.61157834242248
86.61157834242248
86.61157834242248
86.61157834242248
86.61157834242248
86.61157834242248
86.61157834242248
86.61157099862447
86.61156740028213
86.61156740028213
86.61156283526955
86.6115601480465
86.6115601480465
86.6115601480465
86.6115601480465
86.6115601480465
86.6115601480465
86.6115601480465
86.6115601480465
86.6115601480465
86.61155602766816
86.61154986386418
86.61154986386418
86.61154986386418
86.61154986386418
86.61154986386418
86.61154986386418
86.61154986386418
86.61154865142919
86.61154865142919
86.61154865142919
86.61154547322252
86.61154547322252
86.61154547322252
86.61154547322252
86.61154547322252
86.61154547322252
86.61154395279021
86.61154395279021
86.61154395279021
86.61153998241103
86.61153998241103
86.61153998241103
86.61153998241103
86.61153998241103
86.61153998241103
86.61153998241103
86.61153998241103
86.61153998241103
86.61153998241103
86.61153998241103
86.61153998241103
86.61153998241103
86.61153998241103
86.61153998241103
86.61153998241103
86.61153993872855
86.61153744697091
86.61153744697091
86.61153744697091
86.61153673330324
86.61153637156035
86.61153637156035
86.61153637156035
86.61153612984597
86.61153376807545
86.61153376807545
86.61153376807545
86.61152489157249
86.61152489157249
86.61152489157249
86.61152489157249
86.61152489157249
86.61152489157249
86.61152489157249
86.61152489157249
86.61152437841085
86.61152437841085
86.61152437841085
86.61152437841085
86.61152301629267
86.61152301629267
86.61152301629267
86.61152301629267
86.61152301629267
86.61152301629267
86.61152301629267
86.61152301629267
86.61152294820755
86.61152294820755
86.61152294820755
86.61152294820755
86.61151976914206
86.61151976914206
86.61151976914206
86.61151976914206
86.61151976914206
86.61151976914206
86.61151894174827
86.61151894174827
86.61151894174827
86.61151894174827
86.61151894174827
86.61151894174827
86.61151894174827
86.6115188718961
86.61151756060592
86.61151756060592
86.61151655654362
86.61151655654362
86.61151655654362
86.61151655654362
86.61151655654362
86.61151655654362
86.61151655654362
86.61151655654362
86.61151655654362
86.61151655654362
86.61151655654362
86.61151655654362
86.61151655654362
86.61151655654362
86.61151553544451
86.61151553544451
86.61151553544451
86.61151536482804
86.61151536482804
86.61151536482804
86.61151444114354
86.61151193051285
86.61151193051285
86.61151193051285
86.61151060099267
86.61151060099267
86.61151060099267
86.61151060099267
86.61151060099267
86.61151060099267
86.61151060099267
86.61151060099267
86.61151024856541
86.61151024856541
86.61151024856541
86.61151024856541
86.61150960225069
86.61150960225069
86.61150960225069
86.61150960225069
86.61150934686802
86.61150934686802
86.61150934686802
86.61150934686802
86.61150934686802
86.61150934686802
86.61150918972695
86.61150879505914
86.61150879505914
86.61150879505914
86.61150879505914
86.61150825892223
86.61150825892223
86.61150825892223
86.61150825892223
86.61150825892223
86.61150797856655
86.61150797856655
86.61150797856655
86.61150775647347
86.61150775647347
86.61150726664037
86.61150700678573
86.61150700678573
86.61150700678573
86.61150700678573
86.61150700678573
86.61150700678573
86.61150700678573
86.61150700678573
86.61150700678573
86.61150700678573
86.61150627820543
86.61150441373626
86.61150441373626
86.61150441373626
86.61150441373626
86.61150441373626
86.61150441373626
86.61150441373626
86.61150441373626
86.61150441373626
86.61150441373626
86.61150331890738
86.61150331890738
86.61150331890738
86.61150331890738
86.61150331890738
86.61150331890738
86.61150331890738
86.61150331890738
86.61150331890738
86.61150331890738
86.61150208500922
86.61150208500922
86.61150208500922
86.61150208500922
86.61150208500922
86.61150208500922
86.61150194180655
86.61150194180655
86.61150194180655
86.61150194180655
86.61150191856854
86.61150191856854
86.61150191856854
86.61150191856854
86.61150191856854
86.61150170105797
86.61150170105797
86.61150170105797
86.6115016494352
86.6115016494352
86.6115016494352
86.61150134970654
86.61150134970654
86.61150134970654
86.61150134970654
86.61150134970654
86.61150134970654
86.61150134970654
86.61150134970654
86.61150134970654
86.61150134970654
86.61150134970654
86.61150134970654
86.61150134970654
86.61150134970654
86.61150134970654
86.61150134970654
86.61150126914507
86.61150126914507
86.61150126914507
86.61150126914507
86.61150126914507
86.61150126914507
86.61150126914507
86.61150126914507
86.61150126914507
86.61150126914507
86.61150126914507
86.61150100899789
86.61150100899789
86.61150099028195
86.61150099028195
86.61150099028195
86.61150099028195
86.6115006598003
86.6115006598003
86.6115006598003
86.6115006598003
86.61150058857058
86.61150057957268
86.61150057957268
86.61150057957268
86.61150057957268
86.61150057957268
86.61150057957268
86.61150057957268
86.61150057957268
86.61150043294802
86.61150043294802
86.61150043294802
86.61150043294802
86.61150043294802
86.61150030128582
86.61150030128582
86.61150030128582
86.61150030128582
86.61150030128582
86.61150030128582
86.61150030128582
86.61150029158698
86.61150029158698
86.61150029158698
86.61150029158698
86.61150029158698
86.61150026941964
86.61150020484887
86.61150020484887
86.61150020484887
86.61150020484887
86.61150020484887
86.61150020484887
86.61150005451888
86.61149974262817
86.61149974262817
86.61149974262817
86.61149974262817
86.61149974262817
86.61149974262817
86.6114997404577
86.6114997287821
86.6114997287821
86.6114997287821
86.6114997287821
86.61149966702756
86.61149966702756
86.61149966702756
86.61149966702756
86.61149966702756
86.61149966702756
86.61149966702756
86.61149966702756
86.61149966510492
86.61149962073158
86.61149962073158
86.61149962073158
86.61149962073158
86.61149962073158
86.61149962073158
86.61149962073158
86.61149962073158
86.61149962073158
86.61149962073158
86.61149958397016
86.61149958397016
86.61149958397016
86.61149958397016
86.61149958397016
86.61149958397016
86.61149958397016
86.61149958397016
86.61149958397016
86.61149958397016
86.61149958397016
86.61149951263155
86.61149951263155
86.61149951263155
86.61149951263155
86.61149951263155
86.61149951263155
86.61149947119057
86.61149934912615
86.61149934912615
86.61149934912615
86.61149934912615
86.61149932223412
86.61149926498098
86.61149926498098
86.61149926498098
86.61149926498098
86.61149926498098
86.61149926498098
86.61149926498098
86.61149926498098
86.61149926498098
86.61149926498098
86.61149926498098
86.61149925707898
86.61149925322148
86.61149913316123
86.61149913316123
86.61149913316123
86.61149913316123
86.61149913316123
86.61149913316123
86.61149908946274
86.61149905458495
86.61149905458495
86.61149901576123
86.61149901576123
86.61149901576123
86.61149901576123
86.61149901576123
86.61149901576123
86.61149901385336
86.61149901385336
86.61149901385336
86.61149900491785
86.61149899237994
86.61149899237994
86.61149899237994
86.61149899237994
86.61149897575041
86.61149897575041
86.61149897575041
86.61149897575041
86.61149897575041
86.61149897575041
86.61149897575041
86.61149897575041
86.61149897575041
86.61149897575041
86.61149897575041
86.61149897575041
86.61149897575041
86.61149897575041
86.61149897575041
86.61149894019094
86.61149892558639
86.61149886023208
86.61149886023208
86.61149886023208
86.61149886023208
86.61149886023208
86.61149886023208
86.61149886023208
86.61149886023208
86.61149886023208
86.61149886023208
86.61149886023208
86.61149886023208
86.61149886023208
86.61149886023208
86.61149886023208
86.61149886023208
86.6114988453086
86.6114988453086
86.6114988453086
86.6114988453086
86.6114988453086
86.6114988453086
86.61149882744377
86.61149882744377
86.61149882744377
86.61149882531569
86.61149882531569
86.61149882531569
86.61149882166363
86.61149879535637
86.61149879535637
86.61149879535637
86.61149879207075
86.61149879207075
86.61149879207075
86.61149879207075
86.61149879207075
86.61149879207075
86.61149877856101
86.61149877856101
86.61149877856101
86.61149877856101
86.6114987784539
86.6114987784539
86.6114987784539
86.6114987512456
86.61149874203993
86.6114987403815
86.6114987403815
86.6114987403815
86.6114987403815
86.6114987292893
86.6114987292893
86.6114987292893
86.6114987292893
86.6114987292893
86.6114987282006
86.61149870346436
86.61149870346436
86.61149870346436
86.61149870346436
86.61149870346436
86.61149870346436
86.61149870346436
86.61149870346436
86.61149870346436
86.61149870346436
86.61149870346436
86.61149870346436
86.6114986973938
86.611498694849
86.61149868953353
86.61149868743799
86.61149868542945
86.61149868542945
86.61149868542945
86.61149868542945
86.61149868542945
86.61149868519202
86.61149868519202
86.61149868519202
86.61149868519202
86.61149868457122
86.61149868338074
86.6114986815524
86.6114986700178
86.6114986700178
86.6114986700178
86.6114986700178
86.6114986700178
86.6114986700178
86.6114986700178
86.6114986700178
86.6114986700178
86.6114986700178
86.6114986700178
86.6114986700178
86.6114986700178
86.6114986700178
86.6114986700178
86.61149866987155
86.6114986694436
86.61149866941467
86.61149866941467
86.61149866938248
86.61149866796049
86.61149866735198
86.61149866735198
86.61149866735198
86.61149866735198
86.61149866735198
86.61149866708715
86.61149866708715
86.61149866708715
86.61149866708715
86.61149866708715
86.6114986661296
86.6114986661296
86.61149866590303
86.61149866590303
86.61149866590303
86.61149866590303
86.61149866590303
86.61149866590303
86.61149866590303
86.61149866590303
86.61149866579248
86.61149866579248
86.61149866579248
86.61149866579248
86.61149866579248
86.61149866579248
86.61149866440972
86.61149866440972
86.61149866440972
86.61149866409434
86.61149866409434
86.61149866409434
86.61149866409434
86.61149866409434
86.61149866409434
86.61149866382564
86.61149866253533
86.61149866253533
86.61149866253533
86.61149866253533
86.61149866253533
86.61149866253533
86.61149866253533
86.61149866253533
86.61149866253533
86.61149866238986
86.61149866162046
86.61149866162046
86.61149866162046
86.61149866128338
86.61149866097895
86.61149866097895
86.61149866097895
86.61149866097895
86.61149866069097
86.61149865863278
86.61149865863278
86.61149865863278
86.61149865863278
86.61149865816937
86.61149865816937
86.61149865816937
86.61149865814156
86.61149865814156
86.61149865814156
86.61149865677451
86.61149865677451
86.61149865635576
86.61149865635576
86.61149865635576
86.61149865635576
86.61149865635576
86.61149865635576
86.61149865592088
86.61149865547934
86.61149865547934
86.61149865547934
86.61149865516579
86.61149865516579
86.61149865516579
86.61149865476193
86.61149865443423
86.61149865430463
86.61149865426822
86.61149865422574
86.61149865365105
86.61149865365105
86.61149865365105
86.61149865365105
86.61149865328396
86.61149865231242
86.61149865231242
86.61149865231242
86.61149865231242
86.61149865231242
86.61149865231242
86.61149865221225
86.61149865214229
86.61149865214229
86.61149865191047
86.61149865191047
86.61149865191047
86.61149865191047
86.61149865170171
86.61149865170171
86.61149865170171
86.61149865170171
86.61149865164722
86.61149865164722
86.61149865116187
86.61149865084313
86.61149865084313
86.61149865084313
86.61149865084313
86.61149865047875
86.61149865045694
86.61149865045694
86.61149865045694
86.61149864993205
86.61149864993205
86.61149864993205
86.61149864993205
86.61149864993205
86.61149864993205
86.61149864993205
86.61149864993205
86.61149864993205
86.61149864993205
86.61149864993205
86.61149864993205
86.61149864993205
86.61149864993205
86.61149864993205
86.61149864993205
86.61149864993205
86.61149864992717
86.6114986498944
86.61149864959457
86.61149864959457
86.61149864959457
86.61149864959457
86.61149864959457
86.61149864959457
86.61149864959457
86.61149864959457
86.61149864959457
86.61149864959457
86.61149864959457
86.61149864959457
86.6114986494135
86.61149864917373
86.61149864917373
86.61149864917373
86.61149864914685
86.61149864914685
86.61149864914685
86.61149864913668
86.61149864913668
86.61149864913668
86.61149864913668
86.61149864913668
86.61149864913668
86.61149864913668
86.61149864913668
86.61149864913668
86.61149864913668
86.61149864913668
86.61149864906464
86.61149864906464
86.61149864906464
86.61149864906464
86.61149864906464
86.61149864894708
86.61149864890906
86.61149864890906
86.61149864890906
86.61149864890906
86.61149864890906
86.61149864885292
86.61149864885292
86.61149864885292
86.61149864885292
86.61149864885292
86.61149864885292
86.61149864884054
86.61149864884054
86.61149864884054
86.61149864884054
86.61149864884054
86.61149864879357
86.61149864878607
86.61149864878607
86.6114986487304
86.6114986487304
86.61149864870166
86.61149864870166
86.61149864870166
86.61149864866168
86.61149864866168
86.61149864866168
86.61149864863997
86.61149864863997
86.61149864863997
86.61149864863997
86.61149864863997
86.61149864863997
86.6114986485839
86.61149864857586
86.61149864855014
86.61149864855014
86.61149864855014
86.61149864855014
86.61149864855014
86.61149864855014
86.61149864855014
86.61149864855014
86.61149864855014
86.61149864855014
86.61149864855014
86.61149864855014
86.61149864843458
86.61149864843458
86.61149864843458
86.61149864843458
86.61149864843458
86.61149864843458
86.61149864843458
86.61149864841956
86.61149864841956
86.61149864841956
86.61149864841956
86.61149864841956
86.61149864836665
86.61149864836665
86.6114986483448
86.6114986483448
86.6114986483448
86.6114986483448
86.6114986483448
86.6114986483448
86.6114986483448
86.6114986483448
86.6114986483448
86.6114986483448
86.61149864832637
86.61149864817372
86.61149864817372
86.61149864817372
86.61149864817372
86.61149864817372
86.61149864817372
86.61149864817372
86.61149864817372
86.61149864817372
86.61149864817372
86.61149864817372
86.6114986481101
86.61149864809528
86.61149864809528
86.61149864809528
86.61149864801341
86.61149864798506
86.61149864798506
86.61149864798506
86.61149864798506
86.61149864785195
86.61149864783535
86.61149864783535
86.61149864783535
86.61149864783535
86.61149864782156
86.61149864779861
86.61149864778581
86.61149864778581
86.61149864778581
86.61149864777417
86.61149864776517
86.61149864776189
86.61149864775652
86.61149864775652
86.61149864775652
86.6114986477543
86.61149864764772
86.61149864764772
86.61149864764772
86.61149864764772
86.61149864764772
86.61149864764772
86.61149864764772
86.61149864764772
86.61149864764772
86.61149864762552
86.61149864761656
86.61149864759388
86.61149864759388
86.61149864758585
86.61149864755683
86.61149864755683
86.61149864755683
86.61149864755683
86.61149864755683
86.61149864755683
86.61149864754466
86.61149864754466
86.61149864754466
86.61149864754466
86.61149864754466
86.61149864754466
86.61149864753304
86.61149864753304
86.61149864753304
86.61149864751653
86.61149864750828
86.61149864750828
86.61149864750828
86.61149864750828
86.61149864750828
86.61149864749893
86.61149864749893
86.61149864748772
86.61149864748772
86.61149864748772
86.61149864748772
86.61149864748756
86.61149864748756
86.61149864748756
86.61149864748756
86.61149864748756
86.61149864748756
86.61149864747148
86.61149864747148
86.61149864747148
86.61149864747148
86.61149864747148
86.61149864747148
86.61149864746646
86.61149864746646
86.61149864744841
86.61149864744841
86.61149864744841
86.61149864743422
86.61149864743098
86.61149864743098
86.61149864743098
86.61149864742124
86.61149864737325
86.61149864737325
86.61149864737325
86.61149864737325
86.61149864736862
86.61149864736862
86.61149864736862
86.61149864736862
86.61149864736582
86.61149864736582
86.61149864736582
86.61149864736582
86.61149864736412
86.61149864735705
86.61149864735705
86.61149864735705
86.61149864735705
86.61149864735351
86.61149864735351
86.61149864735351
86.6114986473518
86.61149864734082
86.61149864734082
86.61149864734082
86.61149864734082
86.61149864733417
86.61149864733417
86.61149864733417
86.61149864733417
86.61149864733417
86.61149864733417
86.61149864733417
86.61149864733417
86.61149864733417
86.61149864733417
86.61149864733417
86.61149864733262
86.61149864733262
86.61149864733262
86.61149864733241
86.61149864733241
86.61149864733241
86.61149864733241
86.61149864733241
86.61149864733241
86.61149864732982
86.61149864732982
86.61149864732982
86.61149864732982
86.61149864732982
86.61149864732982
86.61149864732477
86.61149864732438
86.61149864732438
86.61149864732438
86.61149864732438
86.61149864732438
86.61149864732353
86.61149864732303
86.61149864732303
86.61149864732303
86.61149864732303
86.61149864732303
86.61149864732303
86.61149864732303
86.61149864732249
86.61149864731975
86.61149864731891
86.61149864731578
86.61149864731578
86.61149864731578
86.61149864731472
86.61149864731472
86.61149864731472
86.61149864731472
86.61149864731472
86.61149864731472
86.61149864731472
86.61149864731472
86.61149864731472
86.61149864731178
86.61149864731178
86.61149864731178
86.61149864731178
86.61149864731178
86.61149864731178
86.61149864731178
86.61149864731178
86.61149864731178
86.61149864731178
86.6114986473099
86.6114986473099
86.6114986473099
86.6114986473099
86.6114986473099
86.6114986473099
86.6114986473099
86.6114986473099
86.6114986473099
86.6114986473099
86.6114986473099
86.6114986473099
86.61149864730965
86.61149864730965
86.61149864730842
86.61149864730842
86.61149864730842
86.61149864730842
86.61149864730841
86.61149864730841
86.61149864730841
86.61149864730818
86.61149864730818
86.61149864730818
86.61149864730818
86.61149864730818
86.61149864730818
86.61149864730636
86.61149864730478
86.61149864730478
86.61149864730478
86.61149864730478
86.61149864730478
86.6114986473047
86.61149864730089
86.61149864730089
86.61149864730089
86.61149864729839
86.61149864729657
86.61149864729657
86.61149864729657
86.6114986472948
86.6114986472948
86.6114986472948
86.6114986472948
86.6114986472948
86.6114986472948
86.6114986472948
86.6114986472948
86.6114986472948
86.6114986472948
86.6114986472948
86.6114986472948
86.61149864729465
86.61149864729363
86.61149864729363
86.61149864729363
86.61149864729363
86.61149864729363
86.61149864729363
86.61149864729363
86.61149864729363
86.61149864729363
86.61149864729363
86.61149864729363
86.61149864729339
86.61149864729339
86.61149864729339
86.61149864729339
86.61149864729339
86.61149864729211
86.61149864729211
86.61149864729211
86.61149864729171
86.61149864729087
86.61149864729087
86.61149864729083
86.61149864729083
86.61149864729083
86.61149864729083
86.61149864729083
86.6114986472906
86.6114986472906
86.6114986472906
86.61149864729035
86.61149864729035
86.61149864729035
86.61149864729035
86.61149864728968
86.61149864728968
86.61149864728968
86.61149864728924
86.61149864728924
86.61149864728924
86.61149864728924
86.61149864728891
86.61149864728891
86.61149864728891
86.61149864728891
86.61149864728891
86.61149864728891
86.61149864728891
86.61149864728874
86.61149864728874
86.61149864728874
86.61149864728779
86.61149864728779
86.61149864728779
86.61149864728779
86.61149864728779
86.61149864728779
86.61149864728779
86.6114986472877
86.6114986472877
86.6114986472877
86.6114986472877
86.6114986472877
86.6114986472877
86.6114986472877
86.6114986472877
86.6114986472877
86.6114986472877
86.61149864728763
86.61149864728763
86.61149864728763
86.6114986472876
86.6114986472876
86.6114986472876
86.6114986472876
86.6114986472876
86.6114986472876
86.61149864728716
86.61149864728716
86.61149864728716
86.61149864728716
86.61149864728716
86.61149864728716
86.61149864728716
86.61149864728716
86.61149864728716
86.61149864728716
86.61149864728714
86.61149864728714
86.61149864728714
86.61149864728714
86.61149864728655
86.61149864728655
86.61149864728655
86.61149864728655
86.61149864728549
86.61149864728549
86.61149864728549
86.61149864728549
86.61149864728549
86.61149864728549
86.61149864728549
86.61149864728549
86.61149864728549
86.61149864728549
86.61149864728517
86.61149864728517
86.61149864728517
86.61149864728517
86.61149864728496
86.61149864728496
86.61149864728496
86.61149864728496
86.61149864728496
86.61149864728488
86.61149864728488
86.61149864728478
86.61149864728478
86.61149864728478
86.61149864728478
86.61149864728478
86.61149864728478
86.61149864728459
86.61149864728459
86.61149864728459
86.61149864728434
86.61149864728434
86.61149864728434
86.61149864728434
86.61149864728434
86.61149864728424
86.61149864728424
86.61149864728424
86.61149864728424
86.61149864728424
86.61149864728415
86.61149864728343
86.61149864728343
86.61149864728343
86.61149864728343
86.61149864728316
86.61149864728259
86.61149864728259
86.61149864728259
86.61149864728259
86.61149864728239
86.61149864728239
86.61149864728239
86.6114986472821
86.6114986472821
86.6114986472821
86.6114986472821
86.61149864728183
86.61149864728183
86.61149864728183
86.61149864728183
86.61149864728183
86.61149864728183
86.61149864728183
86.61149864728183
86.61149864728183
86.61149864728183
86.61149864728183
86.61149864728183
86.61149864728183
86.61149864728183
86.61149864728183
86.61149864728183
86.61149864728183
86.61149864728183
86.61149864728168
86.61149864728168
86.61149864728168
86.61149864728168
86.61149864728168
86.61149864728168
86.61149864728168
86.61149864728168
86.61149864728159
86.6114986472815
86.6114986472815
86.6114986472815
86.6114986472815
86.61149864728138
86.61149864728138
86.61149864728138
86.61149864728138
86.61149864728138
86.61149864728134
86.61149864728134
86.61149864728134
86.61149864728134
86.61149864728134
86.61149864728134
86.61149864728131
86.61149864728131
86.61149864728131
86.61149864728131
86.61149864728131
86.61149864728122
86.61149864728122
86.61149864728118
86.61149864728118
86.61149864728117
86.61149864728111
86.61149864728111
86.61149864728111
86.61149864728111
86.61149864728102
86.61149864728102
86.61149864728101
86.61149864728098
86.61149864728098
86.61149864728098
86.61149864728098
86.61149864728098
86.61149864728098
86.61149864728098
86.61149864728098
86.61149864728098
86.61149864728097
86.61149864728091
86.61149864728091
86.61149864728091
86.61149864728091
86.6114986472809
86.6114986472809
86.6114986472809
86.6114986472809
86.6114986472809
86.6114986472809
86.6114986472809
86.6114986472809
86.6114986472809
86.6114986472809
86.61149864728088
86.61149864728088
86.61149864728088
86.61149864728088
86.61149864728088
86.61149864728088
86.6114986472808
86.6114986472808
86.6114986472808
86.6114986472808
86.6114986472808
86.6114986472808
86.6114986472808
86.6114986472808
86.6114986472808
86.6114986472808
86.61149864728077
86.61149864728077
86.61149864728077
86.61149864728077
86.61149864728077
86.61149864728077
86.61149864728077
86.61149864728077
86.61149864728077
86.61149864728077
86.61149864728077
86.61149864728077
86.61149864728075
86.61149864728071
86.6114986472807
86.6114986472807
86.6114986472807
86.61149864728065
86.61149864728065
86.61149864728065
86.61149864728065
86.61149864728065
86.61149864728065
86.61149864728064
86.61149864728064
86.61149864728064
86.61149864728064
86.61149864728064
86.61149864728064
86.61149864728064
86.61149864728064
86.61149864728063
86.61149864728063
86.61149864728063
86.61149864728063
86.61149864728063
86.61149864728063
86.61149864728063
86.61149864728063
86.61149864728063
86.61149864728063
86.61149864728061
86.61149864728061
86.61149864728061
86.61149864728061
86.61149864728061
86.61149864728061
86.61149864728061
86.61149864728061
86.61149864728061
86.61149864728061
86.61149864728061
86.61149864728061
86.61149864728061
86.61149864728061
86.61149864728061
86.61149864728061
86.61149864728061
86.61149864728061
86.61149864728061
86.61149864728061
86.61149864728061
86.61149864728061
86.61149864728061
86.61149864728061
86.61149864728061
86.61149864728061
86.61149864728061
86.61149864728061
86.61149864728061
86.61149864728061
86.61149864728061
86.61149864728061
86.61149864728061
86.61149864728061
86.61149864728061
86.6114986472806
86.6114986472806
86.6114986472806
86.6114986472806
86.6114986472806
86.6114986472806
86.61149864728058
86.61149864728058
86.61149864728058
86.61149864728058
86.61149864728058
86.61149864728058
86.61149864728058
86.61149864728058
86.61149864728058
86.61149864728058
86.61149864728058
86.61149864728057
86.61149864728051
86.61149864728051
86.61149864728051
86.61149864728051
86.61149864728046
86.61149864728046
86.61149864728046
86.61149864728046
86.61149864728046
86.61149864728046
86.61149864728046
86.61149864728046
86.61149864728046
86.61149864728046
86.61149864728046
86.61149864728046
86.61149864728046
86.61149864728044
86.61149864728044
86.61149864728044
86.61149864728044
86.61149864728044
86.61149864728044
86.61149864728043
86.61149864728043
86.61149864728033
86.61149864728033
86.61149864728033
86.61149864728033
86.61149864728033
86.61149864728033
86.61149864728033
86.61149864728033
86.61149864728033
86.61149864728033
86.6114986472803
86.6114986472803
86.6114986472803
86.6114986472803
86.6114986472803
86.6114986472803
86.6114986472803
86.6114986472803
86.6114986472803
86.6114986472803
86.6114986472803
86.6114986472803
86.6114986472803
86.6114986472803
86.6114986472803
86.6114986472803
86.61149864728029
86.61149864728029
86.61149864728029
86.61149864728029
86.61149864728029
86.61149864728029
86.61149864728029
86.61149864728029
86.61149864728029
86.61149864728029
86.61149864728029
86.61149864728029
86.61149864728029
86.61149864728029
86.61149864728029
86.61149864728029
86.61149864728027
86.61149864728027
86.61149864728027
86.61149864728027
86.61149864728027
86.61149864728027
86.61149864728027
86.61149864728027
86.61149864728026
86.61149864728026
86.61149864728026
86.61149864728026
86.61149864728026
86.61149864728026
86.61149864728026
86.61149864728026
86.61149864728026
86.61149864728026
86.61149864728026
86.61149864728026
86.61149864728026
86.61149864728026
86.61149864728026
86.61149864728026
86.61149864728026
86.61149864728026
86.61149864728026
86.61149864728026
86.61149864728026
86.61149864728026
86.61149864728026
86.61149864728026
86.61149864728026
86.61149864728026
86.61149864728026
86.61149864728026
86.61149864728026
86.61149864728026
86.61149864728026
86.61149864728026
86.61149864728026
86.61149864728026
86.61149864728026
86.61149864728026
86.61149864728026
86.61149864728026
86.61149864728026
86.61149864728026
86.61149864728026
86.61149864728026
86.61149864728026
86.61149864728026
86.61149864728026
86.61149864728026
86.61149864728026
86.61149864728026
86.61149864728026
86.61149864728026
86.61149864728026
86.61149864728026
86.61149864728026
86.61149864728026
86.61149864728026
86.61149864728026
86.61149864728026
86.61149864728026
86.61149864728026
86.61149864728026
86.61149864728026
86.61149864728026
86.61149864728026
86.61149864728026
86.61149864728026
86.61149864728026
86.61149864728026
86.61149864728026
86.61149864728026
86.61149864728026
86.61149864728026
86.61149864728026
86.61149864728026
86.61149864728026
86.61149864728026
86.61149864728026
86.61149864728026
86.61149864728026
86.61149864728026
86.61149864728026
86.61149864728026
86.61149864728026
86.61149864728026
86.61149864728026
86.61149864728026
86.61149864728026
86.61149864728026
86.61149864728026
86.61149864728026
86.61149864728026
86.61149864728026
86.61149864728026
86.61149864728026
86.61149864728026
86.61149864728026
86.61149864728026
86.61149864728026
86.61149864728026
86.61149864728026
86.61149864728026
86.61149864728026
86.61149864728026
86.61149864728026
86.61149864728026
86.61149864728026
86.61149864728026
86.61149864728026
86.61149864728026
86.61149864728026
86.61149864728026
86.61149864728026
86.61149864728026
86.61149864728026
86.61149864728026
86.61149864728026
86.61149864728026
86.61149864728026
86.61149864728026
86.61149864728026
86.61149864728026
86.61149864728026
86.61149864728026
86.61149864728026
86.61149864728026
86.61149864728026
86.61149864728026
86.61149864728026
86.61149864728026
86.61149864728026
86.61149864728026
86.61149864728026
86.61149864728026
86.61149864728026
86.61149864728026
86.61149864728026
86.61149864728026
86.61149864728026
86.61149864728026
86.61149864728026
86.61149864728026
86.61149864728026
86.61149864728026
86.61149864728026
86.61149864728026
86.61149864728026
86.61149864728026
86.61149864728026
86.61149864728026
86.61149864728026
86.61149864728026
86.61149864728026
86.61149864728026
86.61149864728026
86.61149864728026
86.61149864728026
86.61149864728026
86.61149864728026
86.61149864728026
86.61149864728026
86.61149864728026
86.61149864728026
86.61149864728026
86.61149864728026
86.61149864728026
86.61149864728026
86.61149864728026
86.61149864728026
86.61149864728026
86.61149864728026
86.61149864728026
86.61149864728026
86.61149864728026
86.61149864728026
86.61149864728026
86.61149864728026
86.61149864728026
86.61149864728026
86.61149864728026
86.61149864728026
86.61149864728026
86.61149864728026
86.61149864728026
86.61149864728026
86.61149864728026
86.61149864728026
86.61149864728026
86.61149864728026
86.61149864728026
86.61149864728026
86.61149864728026
86.61149864728026
86.61149864728026
86.61149864728026
86.61149864728026
86.61149864728026
86.61149864728026
86.61149864728026
86.61149864728026
86.61149864728026
86.61149864728026
86.61149864728026
86.61149864728026
86.61149864728026
86.61149864728026
86.61149864728026
86.61149864728026
86.61149864728026
86.61149864728026
86.61149864728026
86.61149864728026
86.61149864728026
86.61149864728026
86.61149864728026
86.61149864728026
86.61149864728026
86.61149864728026
86.61149864728026
86.61149864728026
86.61149864728026
86.61149864728026
86.61149864728026
86.61149864728026
86.61149864728026
86.61149864728026
86.61149864728026
86.61149864728026
86.61149864728026
86.61149864728026
86.61149864728026
86.61149864728026
86.61149864728026
86.61149864728026
86.61149864728026
86.61149864728026
86.61149864728026
86.61149864728026
86.61149864728026
86.61149864728026
86.61149864728026
86.61149864728026
86.61149864728026
86.61149864728026
86.61149864728026
86.61149864728026
86.61149864728026
86.61149864728026
86.61149864728026
86.61149864728026
86.61149864728026
86.61149864728026
86.61149864728026
86.61149864728026
86.61149864728026
86.61149864728026
86.61149864728026
86.61149864728026
86.61149864728026
86.61149864728026
86.61149864728026
86.61149864728026
86.61149864728026
86.61149864728026
86.61149864728026
86.61149864728026
86.61149864728026
86.61149864728026
86.61149864728026
86.61149864728026
86.61149864728026
86.61149864728026
86.61149864728026
86.61149864728026
86.61149864728026
86.61149864728026
86.61149864728026
86.61149864728026
86.61149864728026
86.61149864728026
86.61149864728026
86.61149864728026
86.61149864728026
86.61149864728026
86.61149864728026
86.61149864728026
86.61149864728026
86.61149864728026
86.61149864728026
86.61149864728026
86.61149864728026
86.61149864728026
86.61149864728026
86.61149864728026
86.61149864728026
86.61149864728026
86.61149864728026
86.61149864728026
86.61149864728026
86.61149864728026
86.61149864728026
86.61149864728026
86.61149864728026
86.61149864728026
86.61149864728026
86.61149864728026
86.61149864728026
86.61149864728026
86.61149864728026
86.61149864728026
86.61149864728026
86.61149864728026
86.61149864728026
86.61149864728026
86.61149864728026
86.61149864728026
86.61149864728026
86.61149864728026
86.61149864728026
86.61149864728026
86.61149864728026
86.61149864728026
86.61149864728026
86.61149864728026
86.61149864728026
86.61149864728026
86.61149864728026
86.61149864728026
86.61149864728026
86.61149864728026
86.61149864728026
86.61149864728026
86.61149864728026
86.61149864728026
86.61149864728026
86.61149864728026
86.61149864728026
86.61149864728026
86.61149864728026
86.61149864728026
86.61149864728026
86.61149864728026
86.61149864728026
86.61149864728026
86.61149864728026
86.61149864728026
86.61149864728026
86.61149864728026
86.61149864728026
86.61149864728026
86.61149864728026
86.61149864728026
86.61149864728026
86.61149864728026
86.61149864728026
86.61149864728026
86.61149864728026
86.61149864728026
86.61149864728026
86.61149864728026
86.61149864728026
86.61149864728026
86.61149864728026
86.61149864728026
86.61149864728026
86.61149864728026
86.61149864728026
86.61149864728026
86.61149864728026
86.61149864728026
86.61149864728026
86.61149864728026
86.61149864728026
86.61149864728026
86.61149864728026
86.61149864728026
86.61149864728026
86.61149864728026
86.61149864728026
86.61149864728026
86.61149864728026
86.61149864728026
86.61149864728026
86.61149864728026
86.61149864728026
86.61149864728026
86.61149864728026
86.61149864728026
86.61149864728026
86.61149864728026
86.61149864728026
86.61149864728026
86.61149864728026
86.61149864728026
86.61149864728026
86.61149864728026
86.61149864728026
86.61149864728026
86.61149864728026
86.61149864728026
86.61149864728026
86.61149864728026
86.61149864728026
86.61149864728026
86.61149864728026
86.61149864728026
86.61149864728026
86.61149864728026
86.61149864728026
86.61149864728026
86.61149864728026
86.61149864728026
86.61149864728026
86.61149864728026
86.61149864728026
86.61149864728026
86.61149864728026
86.61149864728026
86.61149864728026
86.61149864728026
86.61149864728026
86.61149864728026
86.61149864728026
86.61149864728026
86.61149864728026
86.61149864728026
86.61149864728026
86.61149864728026
86.61149864728026
86.61149864728026
86.61149864728026
86.61149864728026
86.61149864728026
86.61149864728026
86.61149864728026
86.61149864728026
86.61149864728026
86.61149864728026
86.61149864728026
86.61149864728026
86.61149864728026
86.61149864728026
86.61149864728026
86.61149864728026
86.61149864728026
86.61149864728026
86.61149864728026
86.61149864728026
86.61149864728026
86.61149864728026
86.61149864728026
86.61149864728026
86.61149864728026
86.61149864728026
86.61149864728026
86.61149864728026
86.61149864728026
86.61149864728026
86.61149864728026
86.61149864728026
86.61149864728026
86.61149864728026
86.61149864728026
86.61149864728026
86.61149864728026
86.61149864728026
86.61149864728026
86.61149864728026
86.61149864728026
86.61149864728026
86.61149864728026
86.61149864728026
86.61149864728026
86.61149864728026
86.61149864728026
86.61149864728026
86.61149864728026
86.61149864728026
86.61149864728026
86.61149864728026
86.61149864728026
86.61149864728026
86.61149864728026
86.61149864728026
86.61149864728026
86.61149864728026
86.61149864728026
86.61149864728026
86.61149864728026
86.61149864728026
86.61149864728026
86.61149864728026
86.61149864728026
86.61149864728026
86.61149864728026
86.61149864728026
86.61149864728026
86.61149864728026
86.61149864728026
86.61149864728026
86.61149864728026
86.61149864728026
86.61149864728026
86.61149864728026
86.61149864728026
86.61149864728026
86.61149864728026
86.61149864728026
86.61149864728026
86.61149864728026
86.61149864728026
86.61149864728026
86.61149864728026
86.61149864728026
86.61149864728026
86.61149864728026
86.61149864728026
86.61149864728026
86.61149864728026
86.61149864728026
86.61149864728026
86.61149864728026
86.61149864728026
86.61149864728026
86.61149864728026
86.61149864728026
86.61149864728026
86.61149864728026
86.61149864728026
86.61149864728026
86.61149864728026
86.61149864728026
86.61149864728026
86.61149864728026
86.61149864728026
86.61149864728026
86.61149864728026
86.61149864728026
86.61149864728026
86.61149864728026
86.61149864728026
86.61149864728026
86.61149864728026
86.61149864728026
86.61149864728026
86.61149864728026
86.61149864728026
86.61149864728026
86.61149864728026
86.61149864728026
86.61149864728026
86.61149864728026
86.61149864728026
86.61149864728026
86.61149864728026
86.61149864728026
86.61149864728026
86.61149864728026
86.61149864728026
86.61149864728026
86.61149864728026
86.61149864728026
86.61149864728026
86.61149864728026
86.61149864728026
86.61149864728026
86.61149864728026
86.61149864728026
86.61149864728026
86.61149864728026
86.61149864728026
86.61149864728026
86.61149864728026
86.61149864728026
86.61149864728026
86.61149864728026
86.61149864728026
86.61149864728026
86.61149864728026
86.61149864728026
86.61149864728026
86.61149864728026
86.61149864728026
86.61149864728026
86.61149864728026
86.61149864728026
86.61149864728026
86.61149864728026
86.61149864728026
86.61149864728026
86.61149864728026
86.61149864728026
86.61149864728026
86.61149864728026
86.61149864728026
86.61149864728026
86.61149864728026
86.61149864728026
86.61149864728026
86.61149864728026
86.61149864728026
86.61149864728026
86.61149864728026
86.61149864728026
86.61149864728026
86.61149864728026
86.61149864728026
86.61149864728026
86.61149864728026
86.61149864728026
86.61149864728026
86.61149864728026
86.61149864728026
86.61149864728026
86.61149864728026
86.61149864728026
86.61149864728026
86.61149864728026
86.61149864728026
86.61149864728026
86.61149864728026
86.61149864728026
86.61149864728026
86.61149864728026
86.61149864728026
86.61149864728026
86.61149864728026
86.61149864728026
86.61149864728026
86.61149864728026
86.61149864728026
86.61149864728026
86.61149864728026
86.61149864728026
86.61149864728026
86.61149864728026
86.61149864728026
86.61149864728026
86.61149864728026
86.61149864728026
86.61149864728026
86.61149864728026
86.61149864728026
86.61149864728026
86.61149864728026
86.61149864728026
86.61149864728026
86.61149864728026
86.61149864728026
86.61149864728026
86.61149864728026
86.61149864728026
86.61149864728026
86.61149864728026
86.61149864728026
86.61149864728026
86.61149864728026
86.61149864728026
86.61149864728026
86.61149864728026
86.61149864728026
86.61149864728026
86.61149864728026
86.61149864728026
86.61149864728026
86.61149864728026
86.61149864728026
86.61149864728026
86.61149864728026
86.61149864728026
86.61149864728026
86.61149864728026
86.61149864728026
86.61149864728026
86.61149864728026
86.61149864728026
86.61149864728026
86.61149864728026
86.61149864728026
86.61149864728026
86.61149864728026
86.61149864728026
86.61149864728026
86.61149864728026
86.61149864728026
86.61149864728026
86.61149864728026
86.61149864728026
86.61149864728026
86.61149864728026
86.61149864728026
86.61149864728026
86.61149864728026
86.61149864728026
86.61149864728026
86.61149864728026
86.61149864728026
86.61149864728026
86.61149864728026
86.61149864728026
86.61149864728026
86.61149864728026
86.61149864728026
86.61149864728026
86.61149864728026
86.61149864728026
86.61149864728026
86.61149864728026
86.61149864728026
86.61149864728026
86.61149864728026
86.61149864728026
86.61149864728026
86.61149864728026
86.61149864728026
86.61149864728026
86.61149864728026
86.61149864728026
86.61149864728026
86.61149864728026
86.61149864728026
86.61149864728026
86.61149864728026
86.61149864728026
86.61149864728026
86.61149864728026
86.61149864728026
86.61149864728026
86.61149864728026
86.61149864728026
86.61149864728026
86.61149864728026
86.61149864728026
86.61149864728026
86.61149864728026
86.61149864728026
86.61149864728026
86.61149864728026
86.61149864728026
86.61149864728026
86.61149864728026
86.61149864728026
86.61149864728026
86.61149864728026
86.61149864728026
86.61149864728026
86.61149864728026
86.61149864728026
86.61149864728026
86.61149864728026
86.61149864728026
86.61149864728026
86.61149864728026
86.61149864728026
86.61149864728026
86.61149864728026
86.61149864728026
86.61149864728026
86.61149864728026
86.61149864728026
86.61149864728026
86.61149864728026
86.61149864728026
86.61149864728026
86.61149864728026
86.61149864728026
86.61149864728026
86.61149864728026
86.61149864728026
86.61149864728026
86.61149864728026
86.61149864728026
86.61149864728026
86.61149864728026
86.61149864728026
86.61149864728026
86.61149864728026
86.61149864728026
86.61149864728026
86.61149864728026
86.61149864728026
86.61149864728026
86.61149864728026
86.61149864728026
86.61149864728026
86.61149864728026
86.61149864728026
86.61149864728026
86.61149864728026
86.61149864728026
86.61149864728026
86.61149864728026
86.61149864728026
86.61149864728026
86.61149864728026
86.61149864728026
86.61149864728026
86.61149864728026
86.61149864728026
86.61149864728026
86.61149864728026
86.61149864728026
86.61149864728026
86.61149864728026
86.61149864728026
86.61149864728026
86.61149864728026
86.61149864728026
86.61149864728026
86.61149864728026
86.61149864728026
86.61149864728026
86.61149864728026
86.61149864728026
86.61149864728026
86.61149864728026
86.61149864728026
86.61149864728026
86.61149864728026
86.61149864728026
86.61149864728026
86.61149864728026
86.61149864728026
86.61149864728026
86.61149864728026
86.61149864728026
86.61149864728026
86.61149864728026
86.61149864728026
86.61149864728026
86.61149864728026
86.61149864728026
86.61149864728026
86.61149864728026
86.61149864728026
86.61149864728026
86.61149864728026
86.61149864728026
86.61149864728026
86.61149864728026
86.61149864728026
86.61149864728026
86.61149864728026
86.61149864728026
86.61149864728026
86.61149864728026
86.61149864728026
86.61149864728026
86.61149864728026
86.61149864728026
86.61149864728026
86.61149864728026
86.61149864728026
86.61149864728026
86.61149864728026
86.61149864728026
86.61149864728026
86.61149864728026
86.61149864728026
86.61149864728026
86.61149864728026
86.61149864728026
86.61149864728026
86.61149864728026
86.61149864728026
86.61149864728026
86.61149864728026
86.61149864728026
86.61149864728026
86.61149864728026
86.61149864728026
86.61149864728026
86.61149864728026
86.61149864728026
86.61149864728026
86.61149864728026
86.61149864728026
86.61149864728026
86.61149864728026
86.61149864728026
86.61149864728026
86.61149864728026
86.61149864728026
86.61149864728026
86.61149864728026
86.61149864728026
86.61149864728026
86.61149864728026
86.61149864728026
86.61149864728026
86.61149864728026
86.61149864728026
86.61149864728026
86.61149864728026
86.61149864728026
86.61149864728026
86.61149864728026
86.61149864728026
86.61149864728026
86.61149864728026
86.61149864728026
86.61149864728026
86.61149864728026
86.61149864728026
86.61149864728026
86.61149864728026
86.61149864728026
86.61149864728026
86.61149864728026
86.61149864728026
86.61149864728026
86.61149864728026
86.61149864728026
86.61149864728026
86.61149864728026
86.61149864728026
86.61149864728026
86.61149864728026
86.61149864728026
86.61149864728026
86.61149864728026
86.61149864728026
86.61149864728026
86.61149864728026
86.61149864728026
86.61149864728026
86.61149864728026
86.61149864728026
86.61149864728026
86.61149864728026
86.61149864728026
86.61149864728026
86.61149864728026
86.61149864728026
86.61149864728026
86.61149864728026
86.61149864728026
86.61149864728026
86.61149864728026
86.61149864728026
86.61149864728026
86.61149864728026
86.61149864728026
86.61149864728026
86.61149864728026
86.61149864728026
86.61149864728026
86.61149864728026
86.61149864728026
86.61149864728026
86.61149864728026
86.61149864728026
86.61149864728026
86.61149864728026
86.61149864728026
86.61149864728026
86.61149864728026
86.61149864728026
86.61149864728026
86.61149864728026
86.61149864728026
86.61149864728026
86.61149864728026
86.61149864728026
86.61149864728026
86.61149864728026
86.61149864728026
86.61149864728026
86.61149864728026
86.61149864728026
86.61149864728026
86.61149864728026
86.61149864728026
86.61149864728026
86.61149864728026
86.61149864728026
86.61149864728026
86.61149864728026
86.61149864728026
86.61149864728026
86.61149864728026
86.61149864728026
86.61149864728026
86.61149864728026
86.61149864728026
86.61149864728026
86.61149864728026
86.61149864728026
86.61149864728026
86.61149864728026
86.61149864728026
86.61149864728026
86.61149864728026
86.61149864728026
86.61149864728026
86.61149864728026
86.61149864728026
86.61149864728026
86.61149864728026
86.61149864728026
86.61149864728026
86.61149864728026
86.61149864728026
86.61149864728026
86.61149864728026
86.61149864728026
86.61149864728026
86.61149864728026
86.61149864728026
86.61149864728026
86.61149864728026
86.61149864728026
86.61149864728026
86.61149864728026
86.61149864728026
86.61149864728026
86.61149864728026
86.61149864728026
86.61149864728026
86.61149864728026
86.61149864728026
86.61149864728026
86.61149864728026
86.61149864728026
86.61149864728026
86.61149864728026
86.61149864728026
86.61149864728026
86.61149864728026
86.61149864728026
86.61149864728026
86.61149864728026
86.61149864728026
86.61149864728026
86.61149864728026
86.61149864728026
86.61149864728026
86.61149864728026
86.61149864728026
86.61149864728026
86.61149864728026
86.61149864728026
86.61149864728026
86.61149864728026
86.61149864728026
86.61149864728026
86.61149864728026
86.61149864728026
86.61149864728026
86.61149864728026
86.61149864728026
86.61149864728026
86.61149864728026
86.61149864728026
86.61149864728026
86.61149864728026
86.61149864728026
86.61149864728026
86.61149864728026
86.61149864728026
86.61149864728026
86.61149864728026
86.61149864728026
86.61149864728026
86.61149864728026
86.61149864728026
86.61149864728026
86.61149864728026
86.61149864728026
86.61149864728026
86.61149864728026
86.61149864728026
86.61149864728026
86.61149864728026
86.61149864728026
86.61149864728026
86.61149864728026
86.61149864728026
86.61149864728026
86.61149864728026
86.61149864728026
86.61149864728026
86.61149864728026
86.61149864728026
86.61149864728026
86.61149864728026
86.61149864728026
86.61149864728026
86.61149864728026
86.61149864728026
86.61149864728026
86.61149864728026
86.61149864728026
86.61149864728026
86.61149864728026
86.61149864728026
86.61149864728026
86.61149864728026
86.61149864728026
86.61149864728026
86.61149864728026
86.61149864728026
86.61149864728026
86.61149864728026
86.61149864728026
86.61149864728026
86.61149864728026
86.61149864728026
86.61149864728026
86.61149864728026
86.61149864728026
86.61149864728026
86.61149864728026
86.61149864728026
86.61149864728026
86.61149864728026
86.61149864728026
86.61149864728026
86.61149864728026
86.61149864728026
86.61149864728026
86.61149864728026
86.61149864728026
86.61149864728026
86.61149864728026
86.61149864728026
86.61149864728026
86.61149864728026
86.61149864728026
86.61149864728026
86.61149864728026
86.61149864728026
86.61149864728026
86.61149864728026
86.61149864728026
86.61149864728026
86.61149864728026
86.61149864728026
86.61149864728026
86.61149864728026
86.61149864728026
86.61149864728026
86.61149864728026
86.61149864728026
86.61149864728026
86.61149864728026
86.61149864728026
86.61149864728026
86.61149864728026
86.61149864728026
86.61149864728026
86.61149864728026
86.61149864728026
86.61149864728026
86.61149864728026
86.61149864728026
86.61149864728026
86.61149864728026
86.61149864728026
86.61149864728026
86.61149864728026
86.61149864728026
86.61149864728026
86.61149864728026
86.61149864728026
86.61149864728026
86.61149864728026
86.61149864728026
86.61149864728026
86.61149864728026
86.61149864728026
86.61149864728026
86.61149864728026
86.61149864728026
86.61149864728026
86.61149864728026
86.61149864728026
86.61149864728026
86.61149864728026
86.61149864728026
86.61149864728026
86.61149864728026
86.61149864728026
86.61149864728026
86.61149864728026
86.61149864728026
86.61149864728026
86.61149864728026
86.61149864728026
86.61149864728026
86.61149864728026
86.61149864728026
86.61149864728026
86.61149864728026
86.61149864728026
86.61149864728026
86.61149864728026
86.61149864728026
86.61149864728026
86.61149864728026
86.61149864728026
86.61149864728026
86.61149864728026
86.61149864728026
86.61149864728026
86.61149864728026
86.61149864728026
86.61149864728026
86.61149864728026
86.61149864728026
86.61149864728026
86.61149864728026
86.61149864728026
86.61149864728026
86.61149864728026
86.61149864728026
86.61149864728026
86.61149864728026
86.61149864728026
86.61149864728026
86.61149864728026
86.61149864728026
86.61149864728026
86.61149864728026
86.61149864728026
86.61149864728026
86.61149864728026
86.61149864728026
86.61149864728026
86.61149864728026
86.61149864728026
86.61149864728026
86.61149864728026
86.61149864728026
86.61149864728026
86.61149864728026
86.61149864728026
86.61149864728026
86.61149864728026
86.61149864728026
86.61149864728026
86.61149864728026
86.61149864728026
86.61149864728026
86.61149864728026
86.61149864728026
86.61149864728026
86.61149864728026
86.61149864728026
86.61149864728026
86.61149864728026
86.61149864728026
86.61149864728026
86.61149864728026
86.61149864728026
86.61149864728026
86.61149864728026
86.61149864728026
86.61149864728026
86.61149864728026
86.61149864728026
86.61149864728026
86.61149864728026
86.61149864728026
86.61149864728026
86.61149864728026
86.61149864728026
86.61149864728026
86.61149864728026
86.61149864728026
86.61149864728026
86.61149864728026
86.61149864728026
86.61149864728026
86.61149864728026
86.61149864728026
86.61149864728026
86.61149864728026
86.61149864728026
86.61149864728026
86.61149864728026
86.61149864728026
86.61149864728026
86.61149864728026
86.61149864728026
86.61149864728026
86.61149864728026
86.61149864728026
86.61149864728026
86.61149864728026
86.61149864728026
86.61149864728026
86.61149864728026
86.61149864728026
86.61149864728026
86.61149864728026
86.61149864728026
86.61149864728026
86.61149864728026
86.61149864728026
86.61149864728026
86.61149864728026
86.61149864728026
86.61149864728026
86.61149864728026
86.61149864728026
86.61149864728026
86.61149864728026
86.61149864728026
86.61149864728026
86.61149864728026
86.61149864728026
86.61149864728026
86.61149864728026
86.61149864728026
86.61149864728026
86.61149864728026
86.61149864728026
86.61149864728026
86.61149864728026
86.61149864728026
86.61149864728026
86.61149864728026
86.61149864728026
86.61149864728026
86.61149864728026
86.61149864728026
86.61149864728026
86.61149864728026
86.61149864728026
86.61149864728026
86.61149864728026
86.61149864728026
86.61149864728026
86.61149864728026
86.61149864728026
86.61149864728026
86.61149864728026
86.61149864728026
86.61149864728026
86.61149864728026
86.61149864728026
86.61149864728026
86.61149864728026
86.61149864728026
86.61149864728026
86.61149864728026
86.61149864728026
86.61149864728026
86.61149864728026
86.61149864728026
86.61149864728026
86.61149864728026
86.61149864728026
86.61149864728026
86.61149864728026
86.61149864728026
86.61149864728026
86.61149864728026
86.61149864728026
86.61149864728026
86.61149864728026
86.61149864728026
86.61149864728026
86.61149864728026
86.61149864728026
86.61149864728026
86.61149864728026
86.61149864728026
86.61149864728026
86.61149864728026
86.61149864728026
86.61149864728026
86.61149864728026
86.61149864728026
86.61149864728026
86.61149864728026
86.61149864728026
86.61149864728026
86.61149864728026
86.61149864728026
86.61149864728026
86.61149864728026
86.61149864728026
86.61149864728026
86.61149864728026
86.61149864728026
86.61149864728026
86.61149864728026
86.61149864728026
86.61149864728026
86.61149864728026
86.61149864728026
86.61149864728026
86.61149864728026
86.61149864728026
86.61149864728026
86.61149864728026
86.61149864728026
86.61149864728026
86.61149864728026
86.61149864728026
86.61149864728026
86.61149864728026
86.61149864728026
86.61149864728026
86.61149864728026
86.61149864728026
86.61149864728026
86.61149864728026
86.61149864728026
86.61149864728026
86.61149864728026
86.61149864728026
86.61149864728026
86.61149864728026
86.61149864728026
86.61149864728026
86.61149864728026
86.61149864728026
86.61149864728026
86.61149864728026
86.61149864728026
86.61149864728026
86.61149864728026
86.61149864728026
86.61149864728026
86.61149864728026
86.61149864728026
86.61149864728026
86.61149864728026
86.61149864728026
86.61149864728026
86.61149864728026
86.61149864728026
86.61149864728026
86.61149864728026
86.61149864728026
86.61149864728026
86.61149864728026
86.61149864728026
86.61149864728026
86.61149864728026
86.61149864728026
86.61149864728026
86.61149864728026
86.61149864728026
86.61149864728026
86.61149864728026
86.61149864728026
86.61149864728026
86.61149864728026
86.61149864728026
86.61149864728026
86.61149864728026
86.61149864728026
86.61149864728026
86.61149864728026
86.61149864728026
86.61149864728026
86.61149864728026
86.61149864728026
86.61149864728026
86.61149864728026
86.61149864728026
86.61149864728026
86.61149864728026
86.61149864728026
86.61149864728026
86.61149864728026
86.61149864728026
86.61149864728026
86.61149864728026
86.61149864728026
86.61149864728026
86.61149864728026
86.61149864728026
86.61149864728026
86.61149864728026
86.61149864728026
86.61149864728026
86.61149864728026
86.61149864728026
86.61149864728026
86.61149864728026
86.61149864728026
86.61149864728026
86.61149864728026
86.61149864728026
86.61149864728026
86.61149864728026
86.61149864728026
86.61149864728026
86.61149864728026
86.61149864728026
86.61149864728026
86.61149864728026
86.61149864728026
86.61149864728026
86.61149864728026
86.61149864728026
86.61149864728026
86.61149864728026
86.61149864728026
86.61149864728026
86.61149864728026
86.61149864728026
86.61149864728026
86.61149864728026
86.61149864728026
86.61149864728026
86.61149864728026
86.61149864728026
86.61149864728026
86.61149864728026
86.61149864728026
86.61149864728026
86.61149864728026
86.61149864728026
86.61149864728026
86.61149864728026
86.61149864728026
86.61149864728026
86.61149864728026
86.61149864728026
86.61149864728026
86.61149864728026
86.61149864728026
86.61149864728026
86.61149864728026
86.61149864728026
86.61149864728026
86.61149864728026
86.61149864728026
86.61149864728026
86.61149864728026
86.61149864728026
86.61149864728026
86.61149864728026
86.61149864728026
86.61149864728026
86.61149864728026
86.61149864728026
86.61149864728026
86.61149864728026
86.61149864728026
86.61149864728026
86.61149864728026
86.61149864728026
86.61149864728026
86.61149864728026
86.61149864728026
86.61149864728026
86.61149864728026
86.61149864728026
86.61149864728026
86.61149864728026
86.61149864728026
86.61149864728026
86.61149864728026
86.61149864728026
86.61149864728026
86.61149864728026
86.61149864728026
86.61149864728026
86.61149864728026
86.61149864728026
86.61149864728026
86.61149864728026
86.61149864728026
86.61149864728026
86.61149864728026
86.61149864728026
86.61149864728026
86.61149864728026
86.61149864728026
86.61149864728026
86.61149864728026
86.61149864728026
86.61149864728026
86.61149864728026
86.61149864728026
86.61149864728026
86.61149864728026
86.61149864728026
86.61149864728026
86.61149864728026
86.61149864728026
86.61149864728026
86.61149864728026
86.61149864728026
86.61149864728026
86.61149864728026
86.61149864728026
86.61149864728026
86.61149864728026
86.61149864728026
86.61149864728026
86.61149864728026
86.61149864728026
86.61149864728026
86.61149864728026
86.61149864728026
86.61149864728026
86.61149864728026
86.61149864728026
86.61149864728026
86.61149864728026
86.61149864728026
86.61149864728026
86.61149864728026
86.61149864728026
86.61149864728026
86.61149864728026
86.61149864728026
86.61149864728026
86.61149864728026
86.61149864728026
86.61149864728026
86.61149864728026
86.61149864728026
86.61149864728026
86.61149864728026
86.61149864728026
86.61149864728026
86.61149864728026
86.61149864728026
86.61149864728026
86.61149864728026
86.61149864728026
86.61149864728026
86.61149864728026
86.61149864728026
86.61149864728026
86.61149864728026
86.61149864728026
86.61149864728026
86.61149864728026
86.61149864728026
86.61149864728026
86.61149864728026
86.61149864728026
86.61149864728026
86.61149864728026
86.61149864728026
86.61149864728026
86.61149864728026
86.61149864728026
86.61149864728026
86.61149864728026
86.61149864728026
86.61149864728026
86.61149864728026
86.61149864728026
86.61149864728026
86.61149864728026
86.61149864728026
86.61149864728026
86.61149864728026
86.61149864728026
86.61149864728026
86.61149864728026
86.61149864728026
86.61149864728026
86.61149864728026
86.61149864728026
86.61149864728026
86.61149864728026
86.61149864728026
86.61149864728026
86.61149864728026
86.61149864728026
86.61149864728026
86.61149864728026
86.61149864728026
86.61149864728026
86.61149864728026
86.61149864728026
86.61149864728026
86.61149864728026
86.61149864728026
86.61149864728026
86.61149864728026
86.61149864728026
86.61149864728026
86.61149864728026
86.61149864728026
86.61149864728026
86.61149864728026
86.61149864728026
86.61149864728026
86.61149864728026
86.61149864728026
86.61149864728026
86.61149864728026
86.61149864728026
86.61149864728026
86.61149864728026
86.61149864728026
86.61149864728026
86.61149864728026
86.61149864728026
86.61149864728026
86.61149864728026
86.61149864728026
86.61149864728026
86.61149864728026
86.61149864728026
86.61149864728026
86.61149864728026
86.61149864728026
86.61149864728026
86.61149864728026
86.61149864728026
86.61149864728026
86.61149864728026
86.61149864728026
86.61149864728026
86.61149864728026
86.61149864728026
86.61149864728026
86.61149864728026
86.61149864728026
86.61149864728026
86.61149864728026
86.61149864728026
86.61149864728026
86.61149864728026
86.61149864728026
86.61149864728026
86.61149864728026
86.61149864728026
86.61149864728026
86.61149864728026
86.61149864728026
86.61149864728026
86.61149864728026
86.61149864728026
86.61149864728026
86.61149864728026
86.61149864728026
86.61149864728026
86.61149864728026
86.61149864728026
86.61149864728026
86.61149864728026
86.61149864728026
86.61149864728026
86.61149864728026
86.61149864728026
86.61149864728026
86.61149864728026
86.61149864728026
86.61149864728026
86.61149864728026
86.61149864728026
86.61149864728026
86.61149864728026
86.61149864728026
86.61149864728026
86.61149864728026
86.61149864728026
86.61149864728026
86.61149864728026
86.61149864728026
86.61149864728026
86.61149864728026
86.61149864728026
86.61149864728026
86.61149864728026
86.61149864728026
86.61149864728026
86.61149864728026
86.61149864728026
86.61149864728026
86.61149864728026
86.61149864728026
86.61149864728026
86.61149864728026
86.61149864728026
86.61149864728026
86.61149864728026
86.61149864728026
86.61149864728026
86.61149864728026
86.61149864728026
86.61149864728026
86.61149864728026
86.61149864728026
86.61149864728026
86.61149864728026
86.61149864728026
86.61149864728026
86.61149864728026
86.61149864728026
86.61149864728026
86.61149864728026
86.61149864728026
86.61149864728026
86.61149864728026
86.61149864728026
86.61149864728026
86.61149864728026
86.61149864728026
86.61149864728026
86.61149864728026
86.61149864728026
86.61149864728026
86.61149864728026
86.61149864728026
86.61149864728026
86.61149864728026
86.61149864728026
86.61149864728026
86.61149864728026
86.61149864728026
86.61149864728026
86.61149864728026
86.61149864728026
86.61149864728026
86.61149864728026
86.61149864728026
86.61149864728026
86.61149864728026
86.61149864728026
86.61149864728026
86.61149864728026
86.61149864728026
86.61149864728026
86.61149864728026
86.61149864728026
86.61149864728026
86.61149864728026
86.61149864728026
86.61149864728026
86.61149864728026
86.61149864728026
86.61149864728026
86.61149864728026
86.61149864728026
86.61149864728026
86.61149864728026
86.61149864728026
86.61149864728026
86.61149864728026
86.61149864728026
86.61149864728026
86.61149864728026
86.61149864728026
86.61149864728026
86.61149864728026
86.61149864728026
86.61149864728026
86.61149864728026
86.61149864728026
86.61149864728026
86.61149864728026
86.61149864728026
86.61149864728026
86.61149864728026
86.61149864728026
86.61149864728026
86.61149864728026
86.61149864728026
86.61149864728026
86.61149864728026
86.61149864728026
86.61149864728026
86.61149864728026
86.61149864728026
86.61149864728026
86.61149864728026
86.61149864728026
86.61149864728026
86.61149864728026
86.61149864728026
86.61149864728026
86.61149864728026
86.61149864728026
86.61149864728026
86.61149864728026
86.61149864728026
86.61149864728026
86.61149864728026
86.61149864728026
86.61149864728026
86.61149864728026
86.61149864728026
86.61149864728026
86.61149864728026
86.61149864728026
86.61149864728026
86.61149864728026
86.61149864728026
86.61149864728026
86.61149864728026
86.61149864728026
86.61149864728026
86.61149864728026
86.61149864728026
86.61149864728026
86.61149864728026
86.61149864728026
86.61149864728026
86.61149864728026
86.61149864728026
86.61149864728026
86.61149864728026
86.61149864728026
86.61149864728026
86.61149864728026
86.61149864728026
86.61149864728026
86.61149864728026
86.61149864728026
86.61149864728026
86.61149864728026
86.61149864728026
86.61149864728026
86.61149864728026
86.61149864728026
86.61149864728026
86.61149864728026
86.61149864728026
86.61149864728026
86.61149864728026
86.61149864728026
86.61149864728026
86.61149864728026
86.61149864728026
86.61149864728026
86.61149864728026
86.61149864728026
86.61149864728026
86.61149864728026
86.61149864728026
86.61149864728026
86.61149864728026
86.61149864728026
86.61149864728026
86.61149864728026
86.61149864728026
86.61149864728026
86.61149864728026
86.61149864728026
86.61149864728026
86.61149864728026
86.61149864728026
86.61149864728026
86.61149864728026
86.61149864728026
86.61149864728026
86.61149864728026
86.61149864728026
86.61149864728026
86.61149864728026
86.61149864728026
86.61149864728026
86.61149864728026
86.61149864728026
86.61149864728026
86.61149864728026
86.61149864728026
86.61149864728026
86.61149864728026
86.61149864728026
86.61149864728026
86.61149864728026
86.61149864728026
86.61149864728026
86.61149864728026
86.61149864728026
86.61149864728026
86.61149864728026
86.61149864728026
86.61149864728026
86.61149864728026
86.61149864728026
86.61149864728026
86.61149864728026
86.61149864728026
86.61149864728026
86.61149864728026
86.61149864728026
86.61149864728026
86.61149864728026
86.61149864728026
86.61149864728026
86.61149864728026
86.61149864728026
86.61149864728026
86.61149864728026
86.61149864728026
86.61149864728026
86.61149864728026
86.61149864728026
86.61149864728026
86.61149864728026
86.61149864728026
86.61149864728026
86.61149864728026
86.61149864728026
86.61149864728026
86.61149864728026
86.61149864728026
86.61149864728026
86.61149864728026
86.61149864728026
86.61149864728026
86.61149864728026
86.61149864728026
86.61149864728026
86.61149864728026
86.61149864728026
86.61149864728026
86.61149864728026
86.61149864728026
86.61149864728026
86.61149864728026
86.61149864728026
86.61149864728026
86.61149864728026
86.61149864728026
86.61149864728026
86.61149864728026
86.61149864728026
86.61149864728026
86.61149864728026
86.61149864728026
86.61149864728026
86.61149864728026
86.61149864728026
86.61149864728026
86.61149864728026
86.61149864728026
86.61149864728026
86.61149864728026
86.61149864728026
86.61149864728026
86.61149864728026
86.61149864728026
86.61149864728026
86.61149864728026
86.61149864728026
86.61149864728026
86.61149864728026
86.61149864728026
86.61149864728026
86.61149864728026
86.61149864728026
86.61149864728026
86.61149864728026
86.61149864728026
86.61149864728026
86.61149864728026
86.61149864728026
86.61149864728026
86.61149864728026
86.61149864728026
86.61149864728026
86.61149864728026
86.61149864728026
86.61149864728026
86.61149864728026
86.61149864728026
86.61149864728026
86.61149864728026
86.61149864728026
86.61149864728026
86.61149864728026
86.61149864728026
86.61149864728026
86.61149864728026
86.61149864728026
86.61149864728026
86.61149864728026
86.61149864728026
86.61149864728026
86.61149864728026
86.61149864728026
86.61149864728026
86.61149864728026
86.61149864728026
86.61149864728026
86.61149864728026
86.61149864728026
86.61149864728026
86.61149864728026
86.61149864728026
86.61149864728026
86.61149864728026
86.61149864728026
86.61149864728026
86.61149864728026
86.61149864728026
86.61149864728026
86.61149864728026
86.61149864728026
86.61149864728026
86.61149864728026
86.61149864728026
86.61149864728026
86.61149864728026
86.61149864728026
86.61149864728026
86.61149864728026
86.61149864728026
86.61149864728026
86.61149864728026
86.61149864728026
86.61149864728026
86.61149864728026
86.61149864728026
86.61149864728026
86.61149864728026
86.61149864728026
86.61149864728026
86.61149864728026
86.61149864728026
86.61149864728026
86.61149864728026
86.61149864728026
86.61149864728026
86.61149864728026
86.61149864728026
86.61149864728026
86.61149864728026
86.61149864728026
86.61149864728026
86.61149864728026
86.61149864728026
86.61149864728026
86.61149864728026
86.61149864728026
86.61149864728026
86.61149864728026
86.61149864728026
86.61149864728026
86.61149864728026
86.61149864728026
86.61149864728026
86.61149864728026
86.61149864728026
86.61149864728026
86.61149864728026
86.61149864728026
86.61149864728026
86.61149864728026
86.61149864728026
86.61149864728026
86.61149864728026
86.61149864728026
86.61149864728026
86.61149864728026
86.61149864728026
86.61149864728026
86.61149864728026
86.61149864728026
86.61149864728026
86.61149864728026
86.61149864728026
86.61149864728026
86.61149864728026
86.61149864728026
86.61149864728026
86.61149864728026
86.61149864728026
86.61149864728026
86.61149864728026
86.61149864728026
86.61149864728026
86.61149864728026
86.61149864728026
86.61149864728026
86.61149864728026
86.61149864728026
86.61149864728026
86.61149864728026
86.61149864728026
86.61149864728026
86.61149864728026
86.61149864728026
86.61149864728026
86.61149864728026
86.61149864728026
86.61149864728026
86.61149864728026
86.61149864728026
86.61149864728026
86.61149864728026
86.61149864728026
86.61149864728026
86.61149864728026
86.61149864728026
86.61149864728026
86.61149864728026
86.61149864728026
86.61149864728026
86.61149864728026
86.61149864728026
86.61149864728026
86.61149864728026
86.61149864728026
86.61149864728026
86.61149864728026
86.61149864728026
86.61149864728026
86.61149864728026
86.61149864728026
86.61149864728026
86.61149864728026
86.61149864728026
86.61149864728026
86.61149864728026
86.61149864728026
86.61149864728026
86.61149864728026
86.61149864728026
86.61149864728026
86.61149864728026
86.61149864728026
86.61149864728026
86.61149864728026
86.61149864728026
86.61149864728026
86.61149864728026
86.61149864728026
86.61149864728026
86.61149864728026
86.61149864728026
86.61149864728026
86.61149864728026
86.61149864728026
86.61149864728026
86.61149864728026
86.61149864728026
86.61149864728026
86.61149864728026
86.61149864728026
86.61149864728026
86.61149864728026
86.61149864728026
86.61149864728026
86.61149864728026
86.61149864728026
86.61149864728026
86.61149864728026
86.61149864728026
86.61149864728026
86.61149864728026
86.61149864728026
86.61149864728026
86.61149864728026
86.61149864728026
86.61149864728026
86.61149864728026
86.61149864728026
86.61149864728026
86.61149864728026
86.61149864728026
86.61149864728026
86.61149864728026
86.61149864728026
86.61149864728026
86.61149864728026
86.61149864728026
86.61149864728026
86.61149864728026
86.61149864728026
86.61149864728026
86.61149864728026
86.61149864728026
86.61149864728026
86.61149864728026
86.61149864728026
86.61149864728026
86.61149864728026
86.61149864728026
86.61149864728026
86.61149864728026
86.61149864728026
86.61149864728026
86.61149864728026
86.61149864728026
86.61149864728026
86.61149864728026
86.61149864728026
86.61149864728026
86.61149864728026
86.61149864728026
86.61149864728026
86.61149864728026
86.61149864728026
86.61149864728026
86.61149864728026
86.61149864728026
86.61149864728026
86.61149864728026
86.61149864728026
86.61149864728026
86.61149864728026
86.61149864728026
86.61149864728026
86.61149864728026
86.61149864728026
86.61149864728026
86.61149864728026
86.61149864728026
86.61149864728026
86.61149864728026
86.61149864728026
86.61149864728026
86.61149864728026
86.61149864728026
