391.583349274
391.583349274
391.583349274
391.583349274
365.416591771
365.416591771
365.416591771
365.416591771
365.416591771
365.416591771
365.416591771
365.416591771
365.416591771
365.416591771
365.416591771
365.416591771
365.416591771
316.662123195
316.662123195
316.662123195
316.662123195
316.662123195
316.662123195
316.662123195
316.662123195
316.662123195
316.662123195
316.662123195
316.662123195
316.662123195
316.662123195
316.662123195
316.662123195
316.662123195
316.662123195
316.662123195
316.662123195
316.662123195
316.662123195
303.767044521
303.767044521
303.767044521
303.767044521
303.767044521
303.767044521
303.767044521
303.767044521
303.767044521
303.767044521
303.767044521
303.767044521
303.767044521
303.767044521
295.202766351
295.202766351
295.202766351
295.202766351
295.202766351
295.202766351
295.202766351
295.202766351
295.202766351
273.488487969
273.488487969
273.488487969
273.488487969
273.488487969
273.488487969
273.488487969
273.488487969
273.488487969
273.488487969
273.488487969
273.488487969
273.488487969
273.488487969
273.488487969
273.488487969
273.488487969
273.488487969
273.488487969
251.791414126
247.258049676
247.258049676
247.258049676
247.258049676
247.258049676
247.08287633
247.08287633
247.08287633
239.883106875
237.281188893
237.281188893
237.281188893
237.281188893
237.064129531
236.571566763
236.267671083
235.637912383
235.287951307
235.092271379
234.981673334
234.918236567
234.881181036
234.859071828
234.845568412
234.837116743
234.831696494
234.828139226
234.825755389
233.417123944
229.787568324
229.787568324
229.787568324
229.787568324
229.787568324
214.183972497
214.183972497
214.183972497
214.183972497
214.183972497
214.183972497
211.819793877
211.819793877
211.819793877
211.819793877
211.819793877
211.819793877
211.819793877
211.819793877
211.819793877
211.819793877
211.819793877
211.819793877
211.819793877
211.819793877
209.877280653
209.877280653
209.877280653
209.877280653
209.877280653
209.877280653
209.877280653
209.877280653
209.877280653
209.877280653
209.877280653
209.877280653
209.877280653
199.894859286
199.894859286
189.470913738
189.470913738
189.470913738
189.470913738
189.470913738
189.470913738
187.044584637
187.044584637
187.044584637
187.044584637
183.566844021
183.566844021
183.566844021
183.367032028
177.327146403
177.327146403
177.327146403
169.874568943
169.874568943
169.874568943
169.874568943
169.874568943
169.874568943
169.874568943
169.874568943
164.467476979
164.467476979
164.467476979
163.697026597
162.681281861
162.681281861
162.681281861
162.681281861
162.681281861
162.681281861
162.681281861
162.681281861
162.681281861
158.712702701
158.712702701
158.712702701
158.712702701
158.712702701
158.712702701
158.712702701
158.712702701
158.712702701
158.712702701
158.712702701
153.021926077
153.021926077
153.021926077
153.021926077
153.021926077
153.021926077
153.021926077
152.596204564
152.596204564
152.596204564
152.596204564
152.596204564
152.596204564
147.854496694
147.854496694
147.854496694
145.761990521
145.761990521
145.761990521
145.761990521
145.761990521
145.761990521
145.761990521
145.627835239
141.995563405
133.0424446
132.92427677
132.92427677
132.92427677
132.92427677
132.92427677
112.58720967
112.58720967
112.58720967
112.58720967
112.58720967
112.58720967
112.58720967
112.58720967
112.58720967
112.58720967
112.58720967
112.58720967
112.58720967
112.58720967
112.58720967
106.166522751
106.013598189
106.013598189
106.013598189
106.013598189
106.013598189
106.013598189
106.013598189
106.013598189
106.013598189
106.013598189
106.013598189
106.013598189
106.013598189
106.013598189
106.013598189
106.013598189
106.013598189
105.279832933
105.075637893
105.075637893
105.075637893
104.429880113
104.429880113
100.723279834
100.723279834
100.723279834
100.723279834
100.723279834
100.723279834
100.723279834
98.0601918719
98.0601918719
98.0601918719
98.0601918719
98.0601918719
98.0601918719
98.0601918719
98.0601918719
98.0601918719
97.9706617836
97.9706617836
97.9706617836
97.9706617836
97.9706617836
97.9706617836
97.9706617836
97.9706617836
97.9706617836
97.8621656684
97.7027426219
97.7027426219
97.6253155729
97.5663324293
97.5381754181
97.5255737521
96.6689726473
95.4778538566
95.4778538566
95.0842033784
92.4468546601
92.252578527
92.252578527
91.9171664416
91.9013377305
91.9013377305
91.9013377305
91.2552063897
89.9982476038
89.9982476038
89.9982476038
89.5580642613
89.1919448434
89.1919448434
89.1919448434
88.249908038
87.3172779563
87.2766718253
87.2766718253
87.2766718253
86.7895996258
86.1964118888
86.1964118888
86.1964118888
86.0378233416
86.0378233416
86.0378233416
85.4358800425
85.4358800425
85.4358800425
85.4358800425
85.4358800425
85.4358800425
85.4358800425
85.4358800425
85.4358800425
85.0525760431
85.0525760431
84.9220739607
84.9220739607
84.9220739607
84.9220739607
84.9220739607
84.7759164593
84.7759164593
84.7759164593
84.7759164593
84.6407695416
84.6407695416
84.6407695416
84.6407695416
84.6407695416
84.6407695416
84.6407695416
84.6407695416
84.1149307513
84.1149307513
84.1149307513
84.1149307513
84.1149307513
84.1149307513
84.1149307513
84.1149307513
84.1149307513
84.1149307513
83.8047137908
83.8047137908
83.8047137908
83.8047137908
83.7167674029
83.7167674029
83.7167674029
83.7167674029
83.7167674029
83.5614664995
83.5614664995
83.5614664995
83.5614664995
83.5614664995
83.5614664995
83.5614664995
83.5614664995
83.5614664995
83.5614664995
83.5614664995
83.5614664995
83.5614664995
83.5614664995
83.2957028759
83.2957028759
83.2957028759
83.2957028759
83.1988131036
83.098678651
83.098678651
83.098678651
82.5023427963
81.4919622995
78.3171040707
78.3171040707
78.3171040707
77.8113470908
77.8113470908
77.8113470908
75.9204008973
75.9204008973
75.9204008973
75.9204008973
75.9204008973
75.9204008973
75.9204008973
75.9204008973
75.9204008973
75.9204008973
75.9204008973
75.9204008973
75.9204008973
75.9204008973
75.9204008973
75.6132653192
75.6132653192
75.6132653192
75.6132653192
75.6132653192
75.6132653192
75.6132653192
75.6132653192
75.6132653192
75.6132653192
75.6132653192
75.6132653192
75.6132653192
75.6132653192
75.6132653192
75.6132653192
75.6132653192
75.6132653192
75.6132653192
75.5926399429
75.5926399429
75.5926399429
75.3712047323
75.3712047323
75.3712047323
73.4378731209
70.645831223
70.645831223
70.645831223
70.645831223
70.645831223
70.645831223
70.645831223
70.645831223
70.645831223
70.645831223
70.645831223
70.4424287413
70.4424287413
70.4424287413
70.4424287413
70.3786172261
69.5219723906
69.5219723906
68.5913604691
68.5913604691
68.5913604691
68.3948821317
68.078740049
68.078740049
67.9383328919
67.7271324753
67.5386016824
67.3815740999
66.0113407402
64.8943317561
64.1565622183
63.7628594346
63.7628594346
62.5836328541
62.5836328541
62.5836328541
61.7041552524
61.7041552524
61.7041552524
61.1180552652
61.0404277901
61.0404277901
60.6239615833
60.2805959017
60.2805959017
60.2805959017
60.2805959017
60.2805959017
60.2805959017
60.2805959017
60.2805959017
60.1837259937
60.1837259937
60.1837259937
60.0590441352
60.0590441352
60.0590441352
60.0590441352
60.0590441352
60.0590441352
60.0590441352
60.0590441352
60.0188312689
60.0188312689
60.0103561579
59.8432233435
59.8432233435
59.8432233435
59.8432233435
59.8432233435
59.8432233435
59.8096921099
59.8096921099
59.8096921099
59.8096921099
59.8096921099
59.8096921099
59.8096921099
59.8096921099
59.8096921099
59.6616740815
59.6616740815
59.6616740815
59.6616740815
59.6616740815
59.6616740815
59.6616740815
59.6616740815
59.6616740815
59.6616740815
59.6616740815
59.6616740815
59.5313723438
59.5023428655
59.5023428655
59.2735745481
59.2735745481
59.2735745481
59.2308651209
59.184806531
59.184806531
59.184806531
59.184806531
59.0721550452
59.0721550452
58.9027093184
58.9027093184
58.9027093184
58.9027093184
58.7770634831
58.7770634831
58.7770634831
58.7770634831
58.7770634831
58.7355519489
58.732339951
58.732339951
58.732339951
58.6995437827
58.2483386884
57.9316657573
57.9316657573
57.9316657573
57.9316657573
57.8641556739
57.8641556739
57.8641556739
57.6930847603
57.6930847603
57.6466074447
57.5929578838
57.5929578838
57.5929578838
57.5929578838
57.5929578838
57.5929578838
57.487458502
57.3493722072
57.3493722072
57.3493722072
57.3493722072
57.2856012347
57.2856012347
57.2856012347
57.2856012347
57.2856012347
57.2856012347
57.2856012347
57.2856012347
57.2856012347
57.2856012347
57.281389183
57.2403150863
57.2403150863
57.2403150863
57.2218406575
57.0508234133
57.0508234133
57.0508234133
57.0508234133
57.0508234133
57.0508234133
57.0508234133
57.0508234133
57.0508234133
57.0508234133
57.0508234133
57.0222241599
57.0222241599
57.0222241599
57.0222241599
57.01371557
57.01371557
57.01371557
57.01371557
57.01371557
56.9249824909
56.9249824909
56.9249824909
56.9249824909
56.9249824909
56.9249824909
56.9249824909
56.9249824909
56.9249824909
56.9249824909
56.9249824909
56.9249824909
56.9139356191
56.9139356191
56.9139356191
56.9139356191
56.8993103342
56.8993103342
56.8993103342
56.8993103342
56.8993103342
56.8661087631
56.8244033631
56.8244033631
56.8244033631
56.7511986379
56.7511986379
56.7511986379
56.7511986379
56.7511986379
56.7511986379
56.7511986379
56.7511986379
56.7511986379
56.7450347078
56.7450347078
56.7106926818
56.6294076462
56.6294076462
56.6294076462
56.6294076462
56.6294076462
56.6294076462
56.6238928418
56.6238928418
56.6238928418
56.6123145988
56.605661135
56.5518879097
56.5518879097
56.5518879097
56.5338099814
56.5338099814
56.4482103829
56.4482103829
56.4482103829
56.4482103829
56.4482103829
56.4482103829
56.4482103829
56.3919406897
56.3919406897
56.3919406897
56.3919406897
56.3919406897
56.3919406897
56.3919406897
56.3919406897
56.3919406897
56.3800065457
56.3697155129
56.3697155129
56.3697155129
56.3697155129
56.3697155129
56.3697155129
56.3697155129
56.3697155129
56.3697155129
56.3697155129
56.3697155129
56.3697155129
56.3697155129
56.3697155129
56.360955932
56.3436328674
56.3436328674
56.3436328674
56.3436328674
56.3130791188
56.3130791188
56.3130791188
56.3089688033
56.3089688033
56.3089688033
56.3089688033
56.3000610544
56.2964895784
56.2837506854
56.2837506854
56.2837506854
56.2837506854
56.2782235342
56.2782235342
56.2732991606
56.2646428552
56.2628072721
56.2451065941
56.2451065941
56.2451065941
56.2451065941
56.2451065941
56.2451065941
56.2451065941
56.2451065941
56.2451065941
56.2451065941
56.2451065941
56.2451065941
56.2380640874
56.2341764688
56.2341764688
56.2280384079
56.2236344433
56.2236344433
56.2236344433
56.2073740761
56.2015084665
56.2015084665
56.2015084665
56.2015084665
56.2015084665
56.2015084665
56.2015084665
56.2015084665
56.2015084665
56.2015084665
56.2015084665
56.2015084665
56.2015084665
56.2015084665
56.2015084665
56.2015084665
56.2015084665
56.2015084665
56.2015084665
56.1980549105
56.1980549105
56.1980549105
56.1980549105
56.1980549105
56.1980549105
56.1980549105
56.1980549105
56.1980549105
56.1980549105
56.1957504881
56.1955298291
56.1955298291
56.1944353997
56.1944353997
56.1933450745
56.1913716899
56.1904113142
56.189966047
56.189777264
56.1897120315
56.1826056025
56.1770512377
56.1768892264
56.1768892264
56.1713834617
56.1692185051
56.1692185051
56.1692185051
56.1692185051
56.1692185051
56.1692185051
56.1692185051
56.1692185051
56.1692185051
56.1692185051
56.1692185051
56.1692185051
56.1683715528
56.1683715528
56.1667030242
56.1549658888
56.1549658888
56.1530431651
56.1446121706
56.0866132367
56.046965277
56.0190795896
55.9633442631
55.9175320659
55.9175320659
55.9175320659
55.8922296571
55.8922296571
55.8922296571
55.8922296571
55.8922296571
55.8922296571
55.8922296571
55.8922296571
55.8922296571
55.8922296571
55.8922296571
55.8922296571
55.8902714797
55.8902714797
55.8902714797
55.8902714797
55.8902714797
55.8877860778
55.88561453
55.88561453
55.88561453
55.88561453
55.8743744067
55.8743744067
55.8743744067
55.8743744067
55.8743744067
55.8743744067
55.8743744067
55.8743744067
55.8715109169
55.8715109169
55.8715109169
55.8705821879
55.8705821879
55.8705821879
55.8705821879
55.863334887
55.863334887
55.863334887
55.863334887
55.8567340133
55.8490457578
55.8490457578
55.8490457578
55.8490457578
55.8490457578
55.8490457578
55.8490457578
55.8490457578
55.8490457578
55.8490457578
55.8490457578
55.842401104
55.842401104
55.8415053135
55.8326570978
55.8326570978
55.8326570978
55.8274675896
55.8274675896
55.8274491051
55.8273237223
55.8273237223
55.8270531039
55.8267492597
55.8213956207
55.8212563546
55.8212563546
55.8212563546
55.8068837261
55.8040811903
55.8040811903
55.8040811903
55.8040811903
55.8040811903
55.8040811903
55.8040811903
55.8040811903
55.8040811903
55.8040811903
55.7977810314
55.7977810314
55.7977810314
55.7977810314
55.7947397693
55.7947397693
55.7947397693
55.7947397693
55.7947397693
55.7911623609
55.7887853663
55.7887853663
55.7887853663
55.7887853663
55.786865406
55.786865406
55.786865406
55.786865406
55.786865406
55.786865406
55.786865406
55.786865406
55.7866511869
55.7866511869
55.7824911041
55.7824911041
55.7824911041
55.7824911041
55.7824911041
55.7814045587
55.7814045587
55.7814045587
55.7814045587
55.7814045587
55.7811983571
55.7811983571
55.7806328988
55.7802455793
55.7779902446
55.7779902446
55.7779902446
55.7779902446
55.7779902446
55.7779902446
55.7779902446
55.7774471935
55.7774471935
55.7774471935
55.7774471935
55.7773781949
55.7773781949
55.7773781949
55.7767093897
55.7767093897
55.776604397
55.7755984343
55.7755820421
55.7755820421
55.7755820421
55.7755820421
55.7754532145
55.775363957
55.775363957
55.7747826355
55.7747826355
55.7747826355
55.7747826355
55.7745059774
55.7745059774
55.7745059774
55.7745059774
55.7745059774
55.7745059774
55.7742403371
55.773859175
55.773859175
55.7735790756
55.7735790756
55.7735790756
55.7735790756
55.7733049723
55.7733049723
55.7733049723
55.7733049723
55.7733049723
55.7733049723
55.7733049723
55.7733049723
55.7733049723
55.7733049723
55.7733049723
55.7731715845
55.7731715845
55.7731715845
55.7731715845
55.7731403067
55.7731403067
55.7731403067
55.7728413958
55.7726543032
55.7726435431
55.7725961904
55.7725961904
55.7725961904
55.7725961904
55.7724384226
55.7724384226
55.7724384226
55.7724384226
55.7724270107
55.7724270107
55.7724270107
55.7722285529
55.7722285529
55.7722208645
55.7721330305
55.7716448736
55.7711356423
55.7711356423
55.7711356423
55.7711356423
55.7711356423
55.7711356423
55.7711356423
55.7710332336
55.7709114424
55.7709114424
55.7708995697
55.7701957432
55.7701957432
55.7701957432
55.7701668045
55.7701668045
55.7701668045
55.7701668045
55.7701668045
55.7700676899
55.7698787769
55.7698787769
55.7698787769
55.7698787769
55.7698432597
55.7698432597
55.7698432597
55.7698044159
55.7694605061
55.7694605061
55.7694605061
55.7694566717
55.7694493796
55.7694466635
55.7694097778
55.7694097778
55.7694097778
55.7694097778
55.7694097778
55.7694097778
55.7694097778
55.7693846166
55.7693846166
55.7692349289
55.76909704
55.76909704
55.76909704
55.76909704
55.76909704
55.76909704
55.76909704
55.76909704
55.76909704
55.76909704
55.76909704
55.76909704
55.76909704
55.76909704
55.76909704
55.76909704
55.76909704
55.7690671956
55.7690671956
55.7690671956
55.7690671956
55.7690671956
55.7690671956
55.7690076253
55.7690076253
55.7690076253
55.7690076253
55.7690076253
55.7690060501
55.7690060501
55.7690060501
55.7690060501
55.7690060501
55.7690060501
55.7690060501
55.7690060501
55.7690060501
55.7689953232
55.7689953232
55.7689953232
55.7689953232
55.7689953232
55.7689285843
55.7689066893
55.7688539894
55.7688539894
55.7688539894
55.7688539894
55.7688539894
55.7688539894
55.7688539894
55.7688539894
55.7688491589
55.7688491589
55.7688491589
55.7688491589
55.7688491589
55.7688491589
55.7688491589
55.7688491589
55.7688417608
55.7688417608
55.7687284472
55.7687284472
55.7687284472
55.7687284472
55.7687284472
55.7687284472
55.7687284472
55.7687284472
55.7687284472
55.7687284472
55.7687182482
55.7687156986
55.7687156986
55.7687156986
55.7687156986
55.7687156986
55.7687156986
55.7687156986
55.7686635526
55.7686127885
55.7686127885
55.7686127885
55.7686127885
55.7686127885
55.7686099962
55.7686099962
55.7686099962
55.7686099962
55.7686099962
55.7685943357
55.7685943357
55.7685943357
55.7685943357
55.7685943357
55.7685943357
55.7685559419
55.7684859889
55.7684859889
55.7684859889
55.7684859889
55.7684859889
55.7684859889
55.7684859889
55.7684859889
55.7684859889
55.7684859889
55.7684859889
55.7684859889
55.7684859889
55.7684859889
55.7684859889
55.7684859889
55.7684859889
55.7684859889
55.7684859889
55.7684859889
55.7684765546
55.7684598067
55.7684514305
55.7683267153
55.7683267153
55.7683141423
55.7682920319
55.7682892543
55.7682370134
55.7682213693
55.768218877
55.768218877
55.768218877
55.768218877
55.768218877
55.768218877
55.768218877
55.768218877
55.768218877
55.768218877
55.768218877
55.768218877
55.768218877
55.768218877
55.768218877
55.768218877
55.768217183
55.7682104172
55.7682104172
55.7682104172
55.7682103458
55.7682103458
55.7682103458
55.7682103458
55.7681733594
55.7681733594
55.7681733594
55.7681733594
55.7681733594
55.7681733594
55.7681733594
55.7681733594
55.7681733594
55.7681259476
55.7681259476
55.7681259476
55.7681259476
55.7681259476
55.7681259476
55.7681259476
55.7681259476
55.7681259476
55.7681259476
55.7681259476
55.7681259476
55.7681259476
55.7681232303
55.7681232303
55.7681232303
55.7681232303
55.7681186898
55.7681186898
55.7681186898
55.7681186898
55.7681186898
55.7681186898
55.7681186898
55.7681186898
55.7681186898
55.7681186898
55.7681186898
55.7681186898
55.7681186898
55.7681186898
55.7681186898
55.7681186898
55.7681186898
55.7681186898
55.7681186898
55.7681159121
55.7681159121
55.7681159121
55.7681078976
55.7681068012
55.7681068012
55.7681065152
55.7681053336
55.7681053336
55.7681053336
55.7681053336
55.7681053336
55.7681053336
55.7681053336
55.7681051668
55.7681051668
55.7681051668
55.7681023671
55.7681023671
55.7681023671
55.7681023671
55.7681023671
55.7681023671
55.7681023671
55.7681023669
55.7681023669
55.7681023669
55.7681023669
55.7681023669
55.7681023669
55.7681023669
55.7681023669
55.7681023669
55.7681016359
55.7681016359
55.7681016359
55.7681016359
55.7681016359
55.7680933761
55.7680933761
55.7680933761
55.7680933761
55.7680933761
55.7680933761
55.7680916006
55.7680916006
55.7680916006
55.7680916006
55.7680916006
55.7680916006
55.7680834164
55.7680747033
55.7680747033
55.7680747033
55.7680743717
55.7680731569
55.7680731569
55.7680700426
55.7680699337
55.7680699174
55.7680699174
55.7680699174
55.7680680214
55.7680674224
55.7680674224
55.7680669906
55.7680645898
55.7680645898
55.7680645898
55.7680645898
55.7680645898
55.7680645898
55.7680609873
55.7680609873
55.7680605259
55.76805957
55.76805957
55.76805957
55.76805957
55.76805957
55.76805957
55.76805957
55.7680591043
55.7680565904
55.768056306
55.768056306
55.768056306
55.768056306
55.7680541666
55.7680541666
55.7680538573
55.7680523315
55.7680523315
55.7680523315
55.7680523315
55.7680523315
55.7680523315
55.7680521531
55.7680505311
55.768050367
55.768050367
55.768050367
55.768050367
55.768050367
55.768050367
55.7680492668
55.7680492668
55.7680492668
55.7680492668
55.7680492668
55.7680492668
55.7680492668
55.7680492668
55.7680492668
55.7680492668
55.7680492668
55.7680483851
55.7680483851
55.7680483851
55.7680483851
55.7680483851
55.7680483851
55.7680483851
55.7680483851
55.7680483851
55.7680475786
55.7680475786
55.7680474316
55.7680472383
55.7680472383
55.7680469695
55.7680469695
55.7680469695
55.7680469695
55.7680465509
55.7680465509
55.7680464153
55.7680456875
55.7680456875
55.7680456875
55.7680456875
55.7680455939
55.7680455939
55.7680449678
55.7680449678
55.7680449678
55.7680449678
55.7680449678
55.7680449678
55.7680449678
55.7680449678
55.7680449449
55.7680448377
55.7680447906
55.768044779
55.7680444167
55.7680444167
55.7680444167
55.7680444167
55.7680442474
55.7680442474
55.7680442474
55.7680442474
55.7680442474
55.7680442474
55.7680442474
55.7680442474
55.7680442228
55.7680442228
55.7680442228
55.7680441649
55.768043652
55.7680435125
55.7680435125
55.7680435125
55.7680435125
55.7680435125
55.7680435125
55.7680435125
55.7680432524
55.7680427294
55.7680427294
55.7680427294
55.7680425926
55.7680425926
55.7680425926
55.7680424199
55.7680424199
55.7680424199
55.7680424199
55.7680424199
55.7680424199
55.7680424199
55.7680424199
55.7680424199
55.7680424199
55.7680424199
55.7680424199
55.7680424199
55.7680424199
55.7680424199
55.7680424199
55.7680424199
55.7680424199
55.7680424199
55.7680424199
55.7680424199
55.7680424199
55.7680424199
55.7680424199
55.7680424199
55.7680424199
55.7680424199
55.7680424199
55.7680424199
55.7680421439
55.7680420678
55.7680420678
55.7680420678
55.7680420678
55.7680420678
55.7680420678
55.7680420678
55.7680420678
55.7680420678
55.7680420678
55.7680420678
55.7680419557
55.7680419557
55.7680418326
55.7680418326
55.7680418326
55.7680418326
55.7680418309
55.7680418309
55.7680418309
55.7680418121
55.7680417654
55.7680417654
55.7680417654
55.7680417654
55.7680417654
55.7680417654
55.7680417654
55.7680417506
55.7680417506
55.7680417506
55.7680417506
55.7680417506
55.7680417506
55.7680417506
55.7680417506
55.7680417506
55.7680417506
55.7680417369
55.7680417166
55.7680417166
55.7680417166
55.7680417166
55.7680417166
55.7680417166
55.7680417166
55.7680417166
55.7680416779
55.7680416779
55.7680416779
55.7680416779
55.7680416779
55.7680416558
55.7680416558
55.7680416558
55.7680416525
55.7680416431
55.7680416431
55.7680416286
55.7680415604
55.7680415604
55.7680415604
55.7680415604
55.7680415604
55.7680415604
55.7680415604
55.7680415604
55.7680415604
55.7680415604
55.7680415604
55.7680415507
55.7680415069
55.7680415061
55.7680415061
55.7680414776
55.7680414578
55.7680414545
55.7680414536
55.7680414444
55.7680414444
55.7680414362
55.7680414362
55.7680414362
55.7680414362
55.7680414362
55.7680414021
55.7680414021
55.7680414021
55.7680413976
55.7680413976
55.7680413976
55.7680413976
55.7680413976
55.7680413976
55.7680413976
55.7680413976
55.7680413976
55.7680413976
55.7680413976
55.7680413744
55.7680413737
55.7680413737
55.7680413737
55.7680413681
55.7680413681
55.7680413681
55.7680413612
55.7680413486
55.7680413486
55.7680413486
55.7680413485
55.7680413485
55.7680413485
55.7680413391
55.7680413094
55.7680413075
55.7680412964
55.7680412922
55.7680412922
55.7680412922
55.7680412922
55.7680412913
55.7680412913
55.7680412913
55.7680412913
55.7680412878
55.7680412878
55.7680412878
55.7680412548
55.7680412548
55.7680412342
55.7680412342
55.7680412342
55.7680412342
55.7680412342
55.7680412342
55.7680412226
55.7680412226
55.7680412138
55.7680412138
55.7680412138
55.7680412029
55.7680412029
55.7680412029
55.7680412029
55.7680411828
55.7680411828
55.7680411828
55.7680411828
55.7680411778
55.7680411778
55.7680411778
55.7680411778
55.7680411778
55.7680411778
55.7680411778
55.7680411778
55.7680411778
55.7680411778
55.7680411778
55.7680411662
55.7680411636
55.7680411636
55.7680411636
55.7680411636
55.7680411636
55.7680411636
55.7680411636
55.7680411636
55.7680411636
55.7680411636
55.7680411636
55.7680411636
55.7680411636
55.7680411636
55.7680411636
55.7680411636
55.7680411636
55.7680411584
55.7680411584
55.7680411499
55.7680411499
55.7680411499
55.7680411499
55.7680411499
55.7680411499
55.7680411499
55.7680411499
55.7680411499
55.7680411499
55.7680411499
55.7680411499
55.7680411499
55.7680411499
55.7680411456
55.7680411448
55.768041144
55.7680411427
55.7680411427
55.7680411427
55.7680411427
55.7680411402
55.7680411402
55.7680411347
55.7680411311
55.7680411108
55.7680411108
55.7680411108
55.7680411108
55.7680411108
55.7680411108
55.7680411108
55.768041105
55.768041105
55.768041105
55.7680410936
55.7680410936
55.7680410936
55.7680410936
55.7680410804
55.7680410804
55.7680410804
55.7680410804
55.7680410804
55.7680410804
55.7680410719
55.7680410713
55.7680410595
55.7680410393
55.7680410393
55.7680410381
55.7680410372
55.7680410267
55.7680410267
55.7680410267
55.7680410267
55.7680410267
55.7680410267
55.7680410267
55.7680410257
55.7680410256
55.7680410256
55.7680410256
55.7680410256
55.7680410205
55.7680410205
55.7680410205
55.7680410205
55.7680410203
55.7680410203
55.7680410175
55.7680410175
55.7680410175
55.7680410175
55.7680410175
55.7680410175
55.7680410175
55.7680410175
55.7680410175
55.7680410175
55.7680410175
55.7680410175
55.7680410175
55.7680410175
55.7680410175
55.7680410175
55.7680410175
55.7680410175
55.768041012
55.7680410065
55.768041006
55.768041006
55.768041006
55.768041006
55.768041006
55.768041006
55.768041006
55.768041006
55.768041006
55.7680410042
55.7680410042
55.7680410001
55.7680409921
55.7680409921
55.7680409921
55.7680409921
55.7680409908
55.76804099
55.76804099
55.7680409899
55.7680409888
55.7680409887
55.7680409887
55.7680409872
55.7680409871
55.7680409857
55.7680409857
55.7680409857
55.7680409857
55.7680409857
55.7680409857
55.7680409857
55.7680409829
55.7680409829
55.7680409829
55.7680409819
55.7680409819
55.7680409819
55.7680409818
55.768040981
55.768040981
55.768040981
55.768040981
55.7680409786
55.7680409783
55.7680409783
55.7680409783
55.7680409783
55.7680409783
55.7680409783
55.7680409782
55.7680409779
55.7680409773
55.7680409772
55.7680409766
55.7680409766
55.7680409763
55.7680409761
55.7680409761
55.7680409759
55.7680409759
55.7680409759
55.7680409759
55.7680409756
55.7680409756
55.7680409751
55.7680409751
55.7680409744
55.7680409744
55.7680409744
55.7680409744
55.7680409744
55.7680409744
55.7680409744
55.768040974
55.768040974
55.768040974
55.768040974
55.768040974
55.768040974
55.768040974
55.768040974
55.768040974
55.768040974
55.7680409739
55.7680409739
55.7680409739
55.7680409739
55.7680409738
55.7680409732
55.7680409727
55.7680409723
55.7680409723
55.7680409721
55.7680409721
55.7680409719
55.7680409716
55.7680409716
55.7680409716
55.7680409716
55.7680409716
55.7680409713
55.7680409711
55.7680409711
55.7680409711
55.7680409711
55.768040971
55.768040971
55.768040971
55.768040971
55.7680409709
55.7680409709
55.7680409709
55.7680409709
55.7680409708
55.7680409708
55.7680409708
55.7680409708
55.7680409708
55.7680409708
55.7680409708
55.7680409708
55.7680409708
55.7680409708
55.7680409708
55.7680409708
55.7680409708
55.7680409708
55.7680409704
55.7680409704
55.7680409704
55.7680409701
55.7680409701
55.7680409701
55.7680409701
55.7680409701
55.7680409701
55.7680409701
55.7680409701
55.7680409699
55.7680409697
55.7680409697
55.7680409697
55.7680409697
55.7680409697
55.7680409697
55.7680409697
55.7680409696
55.7680409696
55.7680409696
55.7680409696
55.7680409696
55.7680409696
55.7680409696
55.7680409695
55.7680409695
55.7680409695
55.7680409694
55.7680409694
55.7680409694
55.7680409694
55.7680409694
55.7680409694
55.7680409693
55.7680409693
55.7680409693
55.7680409691
55.7680409691
55.7680409691
55.7680409691
55.7680409691
55.7680409691
55.7680409691
55.7680409691
55.7680409691
55.7680409691
55.7680409691
55.7680409691
55.7680409691
55.7680409691
55.7680409691
55.7680409691
55.7680409691
55.7680409691
55.7680409691
55.7680409691
55.7680409691
55.7680409691
55.7680409691
55.7680409691
55.7680409691
55.7680409691
55.7680409691
55.7680409691
55.7680409691
55.7680409691
55.7680409689
55.7680409689
55.7680409689
55.7680409689
55.7680409689
55.7680409689
55.7680409689
55.7680409689
55.7680409689
55.7680409689
55.7680409689
55.7680409689
55.7680409689
55.7680409689
55.7680409689
55.7680409689
55.7680409689
55.7680409689
55.7680409689
55.7680409689
55.7680409689
55.7680409689
55.7680409689
55.7680409689
55.7680409689
55.7680409689
55.7680409689
55.7680409689
55.7680409689
55.7680409689
55.7680409689
55.7680409689
55.7680409688
55.7680409688
55.7680409688
55.7680409688
55.7680409688
55.7680409688
55.7680409686
55.7680409686
55.7680409686
55.7680409686
55.7680409686
55.7680409686
55.7680409686
55.7680409686
55.7680409686
55.7680409686
55.7680409686
55.7680409685
55.7680409685
55.7680409685
55.7680409685
55.7680409685
55.7680409685
55.7680409685
55.7680409685
55.7680409685
55.7680409685
55.7680409685
55.7680409685
55.7680409685
55.7680409685
55.7680409684
55.7680409684
55.7680409684
55.7680409684
55.7680409684
55.7680409684
55.7680409684
55.7680409684
55.7680409684
55.7680409684
55.7680409684
55.7680409684
55.7680409684
55.7680409684
55.7680409684
55.7680409684
55.7680409684
55.7680409683
55.7680409683
55.7680409683
55.7680409683
55.7680409683
55.7680409683
55.7680409683
55.7680409683
55.7680409683
55.7680409683
55.7680409683
55.7680409683
55.7680409683
55.7680409683
55.7680409683
55.7680409683
55.7680409683
55.7680409683
55.7680409683
55.7680409683
55.7680409683
55.7680409683
55.7680409683
55.7680409683
55.7680409683
55.7680409683
55.7680409683
55.7680409683
55.7680409683
55.7680409683
55.7680409683
55.7680409683
55.7680409683
55.7680409683
55.7680409683
55.7680409683
55.7680409683
55.7680409683
55.7680409683
55.7680409683
55.7680409683
55.7680409683
55.7680409683
55.7680409683
55.7680409683
55.7680409683
55.7680409682
55.7680409682
55.7680409682
55.7680409682
55.7680409682
55.7680409682
55.7680409682
55.7680409682
55.7680409682
55.7680409682
55.7680409682
55.7680409682
55.7680409682
55.7680409682
55.7680409682
55.7680409682
55.7680409682
55.7680409682
55.7680409682
55.7680409682
55.7680409682
55.7680409682
55.7680409682
55.7680409682
55.7680409682
55.7680409682
55.7680409682
55.7680409682
55.7680409682
55.7680409682
55.7680409682
55.7680409682
55.7680409682
55.7680409682
55.7680409682
55.7680409682
55.7680409682
55.7680409682
55.7680409682
55.7680409682
55.7680409682
55.7680409682
55.7680409682
55.7680409682
55.7680409682
55.7680409682
55.7680409682
55.7680409682
55.7680409682
55.7680409682
55.7680409682
55.7680409682
55.7680409682
55.7680409682
55.7680409682
55.7680409682
55.7680409682
55.7680409682
55.7680409682
55.7680409682
55.7680409682
55.7680409682
55.7680409682
55.7680409682
55.7680409682
55.7680409682
55.7680409682
55.7680409682
55.7680409682
55.7680409682
55.7680409682
55.7680409682
55.7680409682
55.7680409682
55.7680409682
55.7680409682
55.7680409682
55.7680409682
55.7680409682
55.7680409682
55.7680409682
55.7680409682
55.7680409682
55.7680409682
55.7680409682
55.7680409682
55.7680409682
55.7680409682
55.7680409682
55.7680409682
55.7680409682
55.7680409682
55.7680409682
55.7680409682
55.7680409682
55.7680409682
55.7680409682
55.7680409682
55.7680409682
55.7680409682
55.7680409682
55.7680409682
55.7680409682
55.7680409682
55.7680409681
55.7680409681
55.7680409681
55.7680409681
55.7680409681
55.7680409681
55.7680409681
55.7680409681
55.7680409681
55.7680409681
55.7680409681
55.7680409681
55.7680409681
55.7680409681
55.7680409681
55.7680409681
55.7680409681
55.7680409681
55.7680409681
55.7680409681
55.7680409681
55.7680409681
55.7680409681
55.7680409681
55.7680409681
55.7680409681
55.7680409681
55.7680409681
55.7680409681
55.7680409681
55.7680409681
55.7680409681
55.7680409681
55.7680409681
55.7680409681
55.7680409681
55.7680409681
55.7680409681
55.7680409681
55.7680409681
55.7680409681
55.7680409681
55.7680409681
55.7680409681
55.7680409681
55.7680409681
55.7680409681
55.7680409681
55.7680409681
55.7680409681
55.7680409681
55.7680409681
55.7680409681
55.7680409681
55.7680409681
55.7680409681
55.7680409681
55.7680409681
55.7680409681
55.7680409681
55.7680409681
55.7680409681
55.7680409681
55.7680409681
55.7680409681
55.7680409681
55.7680409681
55.7680409681
55.7680409681
55.7680409681
55.7680409681
55.7680409681
55.7680409681
55.7680409681
55.7680409681
55.7680409681
55.7680409681
55.7680409681
55.7680409681
55.7680409681
55.7680409681
55.7680409681
55.7680409681
55.7680409681
55.7680409681
55.7680409681
55.7680409681
55.7680409681
55.7680409681
55.7680409681
55.7680409681
55.7680409681
55.7680409681
55.7680409681
55.7680409681
55.7680409681
55.7680409681
55.7680409681
55.7680409681
55.7680409681
55.7680409681
55.7680409681
55.7680409681
55.7680409681
55.7680409681
55.7680409681
55.7680409681
55.7680409681
55.7680409681
55.7680409681
55.7680409681
55.7680409681
55.7680409681
55.7680409681
55.7680409681
55.7680409681
55.7680409681
55.7680409681
55.7680409681
55.7680409681
55.7680409681
55.7680409681
55.7680409681
55.7680409681
55.7680409681
55.7680409681
55.7680409681
55.7680409681
55.7680409681
55.7680409681
55.7680409681
55.7680409681
55.7680409681
55.7680409681
55.7680409681
55.7680409681
55.7680409681
55.7680409681
55.7680409681
55.7680409681
55.7680409681
55.7680409681
55.7680409681
55.7680409681
55.7680409681
55.7680409681
55.7680409681
55.7680409681
55.7680409681
55.7680409681
55.7680409681
55.7680409681
55.7680409681
55.7680409681
55.7680409681
55.7680409681
55.7680409681
55.7680409681
55.7680409681
55.7680409681
55.7680409681
55.7680409681
55.7680409681
55.7680409681
55.7680409681
55.7680409681
55.7680409681
55.7680409681
55.7680409681
55.7680409681
55.7680409681
55.7680409681
55.7680409681
55.7680409681
55.7680409681
55.7680409681
55.7680409681
55.7680409681
55.7680409681
55.7680409681
55.7680409681
55.7680409681
55.7680409681
55.7680409681
55.7680409681
55.7680409681
55.7680409681
55.7680409681
55.7680409681
55.7680409681
55.7680409681
55.7680409681
55.7680409681
55.7680409681
55.7680409681
55.7680409681
55.7680409681
55.7680409681
55.7680409681
55.7680409681
55.7680409681
55.7680409681
55.7680409681
55.7680409681
55.7680409681
55.7680409681
55.7680409681
55.7680409681
55.7680409681
55.7680409681
55.7680409681
55.7680409681
55.7680409681
55.7680409681
55.7680409681
55.7680409681
55.7680409681
55.7680409681
55.7680409681
55.7680409681
55.7680409681
55.7680409681
55.7680409681
55.7680409681
55.7680409681
55.7680409681
55.7680409681
55.7680409681
55.7680409681
55.7680409681
55.7680409681
55.7680409681
55.7680409681
55.7680409681
55.7680409681
55.7680409681
55.7680409681
55.7680409681
55.7680409681
55.7680409681
55.7680409681
55.7680409681
55.7680409681
55.7680409681
55.7680409681
55.7680409681
55.7680409681
55.7680409681
55.7680409681
55.7680409681
55.7680409681
55.7680409681
55.7680409681
55.7680409681
55.7680409681
55.7680409681
55.7680409681
55.7680409681
55.7680409681
55.7680409681
55.7680409681
55.7680409681
55.7680409681
55.7680409681
55.7680409681
55.7680409681
55.7680409681
55.7680409681
55.7680409681
55.7680409681
55.7680409681
55.7680409681
55.7680409681
55.7680409681
55.7680409681
55.7680409681
55.7680409681
55.7680409681
55.7680409681
55.7680409681
55.7680409681
55.7680409681
55.7680409681
55.7680409681
55.7680409681
55.7680409681
55.7680409681
55.7680409681
55.7680409681
55.7680409681
55.7680409681
55.7680409681
55.7680409681
55.7680409681
55.7680409681
55.7680409681
55.7680409681
55.7680409681
55.7680409681
55.7680409681
55.7680409681
55.7680409681
55.7680409681
55.7680409681
55.7680409681
55.7680409681
55.7680409681
55.7680409681
55.7680409681
55.7680409681
55.7680409681
55.7680409681
55.7680409681
55.7680409681
55.7680409681
55.7680409681
55.7680409681
55.7680409681
55.7680409681
55.7680409681
55.7680409681
55.7680409681
55.7680409681
55.7680409681
55.7680409681
55.7680409681
55.7680409681
55.7680409681
55.7680409681
55.7680409681
55.7680409681
55.7680409681
55.7680409681
55.7680409681
55.7680409681
55.7680409681
55.7680409681
55.7680409681
55.7680409681
55.7680409681
55.7680409681
55.7680409681
55.7680409681
55.7680409681
55.7680409681
55.7680409681
55.7680409681
55.7680409681
55.7680409681
55.7680409681
55.7680409681
55.7680409681
55.7680409681
55.7680409681
55.7680409681
55.7680409681
55.7680409681
55.7680409681
55.7680409681
55.7680409681
55.7680409681
55.7680409681
55.7680409681
55.7680409681
55.7680409681
55.7680409681
55.7680409681
55.7680409681
55.7680409681
55.7680409681
55.7680409681
55.7680409681
55.7680409681
55.7680409681
55.7680409681
55.7680409681
55.7680409681
55.7680409681
55.7680409681
55.7680409681
55.7680409681
55.7680409681
55.7680409681
55.7680409681
55.7680409681
55.7680409681
55.7680409681
55.7680409681
55.7680409681
55.7680409681
55.7680409681
55.7680409681
55.7680409681
55.7680409681
55.7680409681
55.7680409681
55.7680409681
55.7680409681
55.7680409681
55.7680409681
55.7680409681
55.7680409681
55.7680409681
55.7680409681
55.7680409681
55.7680409681
55.7680409681
55.7680409681
55.7680409681
55.7680409681
55.7680409681
55.7680409681
55.7680409681
55.7680409681
55.7680409681
55.7680409681
55.7680409681
55.7680409681
55.7680409681
55.7680409681
55.7680409681
55.7680409681
55.7680409681
55.7680409681
55.7680409681
55.7680409681
55.7680409681
55.7680409681
55.7680409681
55.7680409681
55.7680409681
55.7680409681
55.7680409681
55.7680409681
55.7680409681
55.7680409681
55.7680409681
55.7680409681
55.7680409681
55.7680409681
55.7680409681
55.7680409681
55.7680409681
55.7680409681
55.7680409681
55.7680409681
55.7680409681
55.7680409681
55.7680409681
55.7680409681
55.7680409681
55.7680409681
55.7680409681
55.7680409681
55.7680409681
55.7680409681
55.7680409681
55.7680409681
55.7680409681
55.7680409681
55.7680409681
55.7680409681
55.7680409681
55.7680409681
55.7680409681
55.7680409681
55.7680409681
55.7680409681
55.7680409681
55.7680409681
55.7680409681
55.7680409681
55.7680409681
55.7680409681
55.7680409681
55.7680409681
55.7680409681
55.7680409681
55.7680409681
55.7680409681
55.7680409681
55.7680409681
55.7680409681
55.7680409681
55.7680409681
55.7680409681
55.7680409681
55.7680409681
55.7680409681
55.7680409681
55.7680409681
55.7680409681
55.7680409681
55.7680409681
55.7680409681
55.7680409681
55.7680409681
55.7680409681
55.7680409681
55.7680409681
55.7680409681
55.7680409681
55.7680409681
55.7680409681
55.7680409681
55.7680409681
55.7680409681
55.7680409681
55.7680409681
55.7680409681
55.7680409681
55.7680409681
55.7680409681
55.7680409681
55.7680409681
55.7680409681
55.7680409681
55.7680409681
55.7680409681
55.7680409681
55.7680409681
55.7680409681
55.7680409681
55.7680409681
55.7680409681
55.7680409681
55.7680409681
55.7680409681
55.7680409681
55.7680409681
55.7680409681
55.7680409681
55.7680409681
55.7680409681
55.7680409681
55.7680409681
55.7680409681
55.7680409681
55.7680409681
55.7680409681
55.7680409681
55.7680409681
55.7680409681
55.7680409681
55.7680409681
55.7680409681
55.7680409681
55.7680409681
55.7680409681
55.7680409681
55.7680409681
55.7680409681
55.7680409681
55.7680409681
55.7680409681
55.7680409681
55.7680409681
55.7680409681
55.7680409681
55.7680409681
55.7680409681
55.7680409681
55.7680409681
55.7680409681
55.7680409681
55.7680409681
55.7680409681
55.7680409681
55.7680409681
55.7680409681
55.7680409681
55.7680409681
55.7680409681
55.7680409681
55.7680409681
55.7680409681
55.7680409681
55.7680409681
55.7680409681
55.7680409681
55.7680409681
55.7680409681
55.7680409681
55.7680409681
55.7680409681
55.7680409681
55.7680409681
55.7680409681
55.7680409681
55.7680409681
55.7680409681
55.7680409681
55.7680409681
55.7680409681
55.7680409681
55.7680409681
55.7680409681
55.7680409681
55.7680409681
55.7680409681
55.7680409681
55.7680409681
55.7680409681
55.7680409681
55.7680409681
55.7680409681
55.7680409681
55.7680409681
55.7680409681
55.7680409681
55.7680409681
55.7680409681
55.7680409681
55.7680409681
55.7680409681
55.7680409681
55.7680409681
55.7680409681
55.7680409681
55.7680409681
55.7680409681
55.7680409681
55.7680409681
55.7680409681
55.7680409681
55.7680409681
55.7680409681
55.7680409681
55.7680409681
55.7680409681
55.7680409681
55.7680409681
55.7680409681
55.7680409681
55.7680409681
55.7680409681
55.7680409681
55.7680409681
55.7680409681
55.7680409681
55.7680409681
55.7680409681
55.7680409681
55.7680409681
55.7680409681
55.7680409681
55.7680409681
55.7680409681
55.7680409681
55.7680409681
55.7680409681
55.7680409681
55.7680409681
55.7680409681
55.7680409681
55.7680409681
55.7680409681
55.7680409681
55.7680409681
55.7680409681
55.7680409681
55.7680409681
55.7680409681
55.7680409681
55.7680409681
55.7680409681
55.7680409681
55.7680409681
55.7680409681
55.7680409681
55.7680409681
55.7680409681
55.7680409681
55.7680409681
55.7680409681
55.7680409681
55.7680409681
55.7680409681
55.7680409681
55.7680409681
55.7680409681
55.7680409681
55.7680409681
55.7680409681
55.7680409681
55.7680409681
55.7680409681
55.7680409681
55.7680409681
55.7680409681
55.7680409681
55.7680409681
55.7680409681
55.7680409681
55.7680409681
55.7680409681
55.7680409681
55.7680409681
55.7680409681
55.7680409681
55.7680409681
55.7680409681
55.7680409681
55.7680409681
55.7680409681
55.7680409681
55.7680409681
55.7680409681
55.7680409681
55.7680409681
55.7680409681
55.7680409681
55.7680409681
55.7680409681
55.7680409681
55.7680409681
55.7680409681
55.7680409681
55.7680409681
55.7680409681
55.7680409681
55.7680409681
55.7680409681
55.7680409681
55.7680409681
55.7680409681
55.7680409681
55.7680409681
55.7680409681
55.7680409681
55.7680409681
55.7680409681
55.7680409681
55.7680409681
55.7680409681
55.7680409681
55.7680409681
55.7680409681
55.7680409681
55.7680409681
55.7680409681
55.7680409681
55.7680409681
55.7680409681
55.7680409681
55.7680409681
55.7680409681
55.7680409681
55.7680409681
55.7680409681
55.7680409681
55.7680409681
55.7680409681
55.7680409681
55.7680409681
55.7680409681
55.7680409681
55.7680409681
55.7680409681
55.7680409681
55.7680409681
55.7680409681
55.7680409681
55.7680409681
55.7680409681
55.7680409681
55.7680409681
55.7680409681
55.7680409681
55.7680409681
55.7680409681
55.7680409681
55.7680409681
55.7680409681
55.7680409681
55.7680409681
55.7680409681
55.7680409681
55.7680409681
55.7680409681
55.7680409681
55.7680409681
55.7680409681
55.7680409681
55.7680409681
55.7680409681
55.7680409681
55.7680409681
55.7680409681
55.7680409681
55.7680409681
55.7680409681
55.7680409681
55.7680409681
55.7680409681
55.7680409681
55.7680409681
55.7680409681
55.7680409681
55.7680409681
55.7680409681
55.7680409681
55.7680409681
55.7680409681
55.7680409681
55.7680409681
55.7680409681
55.7680409681
55.7680409681
55.7680409681
55.7680409681
55.7680409681
55.7680409681
55.7680409681
55.7680409681
55.7680409681
55.7680409681
55.7680409681
55.7680409681
55.7680409681
55.7680409681
55.7680409681
55.7680409681
55.7680409681
55.7680409681
55.7680409681
55.7680409681
55.7680409681
55.7680409681
55.7680409681
55.7680409681
55.7680409681
55.7680409681
55.7680409681
55.7680409681
55.7680409681
55.7680409681
55.7680409681
55.7680409681
55.7680409681
55.7680409681
55.7680409681
55.7680409681
55.7680409681
55.7680409681
55.7680409681
55.7680409681
55.7680409681
55.7680409681
55.7680409681
55.7680409681
55.7680409681
55.7680409681
55.7680409681
55.7680409681
55.7680409681
55.7680409681
55.7680409681
55.7680409681
55.7680409681
55.7680409681
55.7680409681
55.7680409681
55.7680409681
55.7680409681
55.7680409681
55.7680409681
55.7680409681
55.7680409681
55.7680409681
55.7680409681
55.7680409681
55.7680409681
55.7680409681
55.7680409681
55.7680409681
55.7680409681
55.7680409681
55.7680409681
55.7680409681
55.7680409681
55.7680409681
55.7680409681
55.7680409681
55.7680409681
55.7680409681
55.7680409681
55.7680409681
55.7680409681
55.7680409681
55.7680409681
55.7680409681
55.7680409681
55.7680409681
55.7680409681
55.7680409681
55.7680409681
55.7680409681
55.7680409681
55.7680409681
55.7680409681
55.7680409681
55.7680409681
55.7680409681
55.7680409681
55.7680409681
55.7680409681
55.7680409681
55.7680409681
55.7680409681
55.7680409681
55.7680409681
55.7680409681
55.7680409681
55.7680409681
55.7680409681
55.7680409681
55.7680409681
55.7680409681
55.7680409681
55.7680409681
55.7680409681
55.7680409681
55.7680409681
55.7680409681
55.7680409681
55.7680409681
55.7680409681
55.7680409681
55.7680409681
55.7680409681
55.7680409681
55.7680409681
55.7680409681
55.7680409681
55.7680409681
55.7680409681
55.7680409681
55.7680409681
55.7680409681
55.7680409681
55.7680409681
55.7680409681
55.7680409681
55.7680409681
55.7680409681
55.7680409681
55.7680409681
55.7680409681
55.7680409681
55.7680409681
55.7680409681
55.7680409681
55.7680409681
55.7680409681
55.7680409681
55.7680409681
55.7680409681
55.7680409681
55.7680409681
55.7680409681
55.7680409681
55.7680409681
55.7680409681
55.7680409681
55.7680409681
55.7680409681
55.7680409681
55.7680409681
55.7680409681
55.7680409681
55.7680409681
55.7680409681
55.7680409681
55.7680409681
55.7680409681
55.7680409681
55.7680409681
55.7680409681
55.7680409681
55.7680409681
55.7680409681
55.7680409681
55.7680409681
55.7680409681
55.7680409681
55.7680409681
55.7680409681
55.7680409681
55.7680409681
55.7680409681
55.7680409681
55.7680409681
55.7680409681
55.7680409681
55.7680409681
55.7680409681
55.7680409681
55.7680409681
55.7680409681
55.7680409681
55.7680409681
55.7680409681
55.7680409681
55.7680409681
55.7680409681
55.7680409681
55.7680409681
55.7680409681
55.7680409681
55.7680409681
55.7680409681
55.7680409681
55.7680409681
55.7680409681
55.7680409681
55.7680409681
55.7680409681
55.7680409681
55.7680409681
55.7680409681
55.7680409681
55.7680409681
55.7680409681
55.7680409681
55.7680409681
55.7680409681
55.7680409681
55.7680409681
55.7680409681
55.7680409681
55.7680409681
55.7680409681
55.7680409681
55.7680409681
55.7680409681
55.7680409681
55.7680409681
55.7680409681
55.7680409681
55.7680409681
55.7680409681
55.7680409681
55.7680409681
55.7680409681
55.7680409681
55.7680409681
55.7680409681
55.7680409681
55.7680409681
55.7680409681
55.7680409681
55.7680409681
55.7680409681
55.7680409681
55.7680409681
55.7680409681
55.7680409681
55.7680409681
55.7680409681
55.7680409681
55.7680409681
55.7680409681
55.7680409681
55.7680409681
55.7680409681
55.7680409681
55.7680409681
55.7680409681
55.7680409681
55.7680409681
55.7680409681
55.7680409681
55.7680409681
55.7680409681
55.7680409681
55.7680409681
55.7680409681
55.7680409681
55.7680409681
55.7680409681
55.7680409681
55.7680409681
55.7680409681
55.7680409681
55.7680409681
55.7680409681
55.7680409681
55.7680409681
55.7680409681
55.7680409681
55.7680409681
55.7680409681
55.7680409681
55.7680409681
55.7680409681
55.7680409681
55.7680409681
55.7680409681
55.7680409681
55.7680409681
55.7680409681
55.7680409681
55.7680409681
55.7680409681
55.7680409681
55.7680409681
55.7680409681
55.7680409681
55.7680409681
55.7680409681
55.7680409681
55.7680409681
55.7680409681
55.7680409681
55.7680409681
55.7680409681
55.7680409681
55.7680409681
55.7680409681
55.7680409681
55.7680409681
55.7680409681
55.7680409681
55.7680409681
55.7680409681
55.7680409681
55.7680409681
55.7680409681
55.7680409681
55.7680409681
55.7680409681
55.7680409681
55.7680409681
55.7680409681
55.7680409681
55.7680409681
55.7680409681
55.7680409681
55.7680409681
55.7680409681
55.7680409681
55.7680409681
55.7680409681
55.7680409681
55.7680409681
55.7680409681
55.7680409681
55.7680409681
55.7680409681
55.7680409681
55.7680409681
55.7680409681
55.7680409681
55.7680409681
55.7680409681
55.7680409681
55.7680409681
55.7680409681
55.7680409681
55.7680409681
55.7680409681
55.7680409681
55.7680409681
55.7680409681
55.7680409681
55.7680409681
55.7680409681
55.7680409681
55.7680409681
55.7680409681
55.7680409681
55.7680409681
55.7680409681
55.7680409681
55.7680409681
55.7680409681
55.7680409681
55.7680409681
55.7680409681
55.7680409681
55.7680409681
55.7680409681
55.7680409681
55.7680409681
55.7680409681
55.7680409681
55.7680409681
55.7680409681
55.7680409681
55.7680409681
55.7680409681
55.7680409681
55.7680409681
55.7680409681
55.7680409681
55.7680409681
55.7680409681
55.7680409681
55.7680409681
55.7680409681
55.7680409681
55.7680409681
55.7680409681
55.7680409681
55.7680409681
55.7680409681
55.7680409681
55.7680409681
55.7680409681
55.7680409681
55.7680409681
55.7680409681
55.7680409681
55.7680409681
55.7680409681
55.7680409681
55.7680409681
55.7680409681
55.7680409681
55.7680409681
55.7680409681
55.7680409681
55.7680409681
55.7680409681
55.7680409681
55.7680409681
55.7680409681
55.7680409681
55.7680409681
55.7680409681
55.7680409681
55.7680409681
55.7680409681
55.7680409681
55.7680409681
55.7680409681
55.7680409681
55.7680409681
55.7680409681
55.7680409681
55.7680409681
55.7680409681
55.7680409681
55.7680409681
55.7680409681
55.7680409681
55.7680409681
55.7680409681
55.7680409681
55.7680409681
55.7680409681
55.7680409681
55.7680409681
55.7680409681
55.7680409681
55.7680409681
55.7680409681
55.7680409681
55.7680409681
55.7680409681
55.7680409681
55.7680409681
55.7680409681
55.7680409681
55.7680409681
55.7680409681
55.7680409681
55.7680409681
55.7680409681
55.7680409681
55.7680409681
55.7680409681
55.7680409681
55.7680409681
55.7680409681
55.7680409681
55.7680409681
55.7680409681
55.7680409681
55.7680409681
55.7680409681
55.7680409681
55.7680409681
55.7680409681
55.7680409681
55.7680409681
55.7680409681
55.7680409681
55.7680409681
55.7680409681
55.7680409681
55.7680409681
55.7680409681
55.7680409681
55.7680409681
55.7680409681
55.7680409681
55.7680409681
55.7680409681
55.7680409681
55.7680409681
55.7680409681
55.7680409681
55.7680409681
55.7680409681
55.7680409681
55.7680409681
55.7680409681
55.7680409681
55.7680409681
55.7680409681
55.7680409681
55.7680409681
55.7680409681
55.7680409681
55.7680409681
55.7680409681
55.7680409681
55.7680409681
55.7680409681
55.7680409681
55.7680409681
55.7680409681
55.7680409681
55.7680409681
55.7680409681
55.7680409681
55.7680409681
55.7680409681
55.7680409681
55.7680409681
55.7680409681
55.7680409681
55.7680409681
55.7680409681
55.7680409681
55.7680409681
55.7680409681
55.7680409681
55.7680409681
55.7680409681
55.7680409681
55.7680409681
55.7680409681
55.7680409681
55.7680409681
55.7680409681
55.7680409681
55.7680409681
55.7680409681
55.7680409681
55.7680409681
55.7680409681
55.7680409681
55.7680409681
55.7680409681
55.7680409681
55.7680409681
55.7680409681
55.7680409681
55.7680409681
55.7680409681
55.7680409681
55.7680409681
55.7680409681
55.7680409681
55.7680409681
55.7680409681
55.7680409681
55.7680409681
55.7680409681
55.7680409681
55.7680409681
55.7680409681
55.7680409681
55.7680409681
55.7680409681
55.7680409681
55.7680409681
55.7680409681
55.7680409681
55.7680409681
55.7680409681
55.7680409681
55.7680409681
55.7680409681
55.7680409681
55.7680409681
55.7680409681
55.7680409681
55.7680409681
55.7680409681
55.7680409681
55.7680409681
55.7680409681
55.7680409681
55.7680409681
55.7680409681
55.7680409681
55.7680409681
55.7680409681
55.7680409681
55.7680409681
55.7680409681
55.7680409681
55.7680409681
55.7680409681
55.7680409681
55.7680409681
55.7680409681
55.7680409681
55.7680409681
55.7680409681
55.7680409681
55.7680409681
55.7680409681
55.7680409681
55.7680409681
55.7680409681
55.7680409681
55.7680409681
55.7680409681
55.7680409681
55.7680409681
55.7680409681
55.7680409681
55.7680409681
55.7680409681
55.7680409681
55.7680409681
55.7680409681
55.7680409681
55.7680409681
55.7680409681
55.7680409681
55.7680409681
55.7680409681
55.7680409681
55.7680409681
55.7680409681
55.7680409681
55.7680409681
55.7680409681
55.7680409681
55.7680409681
55.7680409681
55.7680409681
55.7680409681
55.7680409681
55.7680409681
55.7680409681
55.7680409681
55.7680409681
55.7680409681
55.7680409681
55.7680409681
55.7680409681
55.7680409681
55.7680409681
55.7680409681
55.7680409681
55.7680409681
55.7680409681
55.7680409681
55.7680409681
55.7680409681
55.7680409681
55.7680409681
55.7680409681
55.7680409681
55.7680409681
55.7680409681
55.7680409681
55.7680409681
55.7680409681
55.7680409681
55.7680409681
55.7680409681
55.7680409681
55.7680409681
55.7680409681
55.7680409681
55.7680409681
55.7680409681
55.7680409681
55.7680409681
55.7680409681
55.7680409681
55.7680409681
55.7680409681
55.7680409681
55.7680409681
55.7680409681
55.7680409681
55.7680409681
55.7680409681
55.7680409681
55.7680409681
55.7680409681
55.7680409681
55.7680409681
55.7680409681
55.7680409681
55.7680409681
55.7680409681
55.7680409681
55.7680409681
55.7680409681
55.7680409681
55.7680409681
55.7680409681
55.7680409681
55.7680409681
55.7680409681
55.7680409681
55.7680409681
55.7680409681
55.7680409681
55.7680409681
55.7680409681
55.7680409681
55.7680409681
55.7680409681
55.7680409681
55.7680409681
55.7680409681
55.7680409681
55.7680409681
55.7680409681
55.7680409681
55.7680409681
55.7680409681
55.7680409681
55.7680409681
55.7680409681
55.7680409681
55.7680409681
55.7680409681
55.7680409681
55.7680409681
55.7680409681
55.7680409681
55.7680409681
55.7680409681
55.7680409681
55.7680409681
55.7680409681
55.7680409681
55.7680409681
55.7680409681
55.7680409681
55.7680409681
55.7680409681
55.7680409681
55.7680409681
55.7680409681
55.7680409681
55.7680409681
55.7680409681
55.7680409681
55.7680409681
55.7680409681
55.7680409681
55.7680409681
55.7680409681
55.7680409681
55.7680409681
55.7680409681
55.7680409681
55.7680409681
55.7680409681
55.7680409681
55.7680409681
55.7680409681
55.7680409681
55.7680409681
55.7680409681
55.7680409681
55.7680409681
55.7680409681
55.7680409681
55.7680409681
55.7680409681
55.7680409681
55.7680409681
55.7680409681
55.7680409681
55.7680409681
55.7680409681
55.7680409681
55.7680409681
55.7680409681
55.7680409681
55.7680409681
55.7680409681
55.7680409681
55.7680409681
55.7680409681
55.7680409681
55.7680409681
55.7680409681
55.7680409681
55.7680409681
55.7680409681
55.7680409681
55.7680409681
55.7680409681
55.7680409681
55.7680409681
55.7680409681
55.7680409681
55.7680409681
55.7680409681
55.7680409681
55.7680409681
55.7680409681
55.7680409681
55.7680409681
55.7680409681
55.7680409681
55.7680409681
55.7680409681
55.7680409681
55.7680409681
55.7680409681
55.7680409681
55.7680409681
55.7680409681
55.7680409681
55.7680409681
55.7680409681
55.7680409681
55.7680409681
55.7680409681
55.7680409681
55.7680409681
55.7680409681
55.7680409681
55.7680409681
55.7680409681
55.7680409681
55.7680409681
55.7680409681
55.7680409681
55.7680409681
55.7680409681
55.7680409681
55.7680409681
55.7680409681
55.7680409681
55.7680409681
55.7680409681
55.7680409681
55.7680409681
55.7680409681
55.7680409681
55.7680409681
55.7680409681
55.7680409681
55.7680409681
55.7680409681
55.7680409681
55.7680409681
55.7680409681
55.7680409681
55.7680409681
55.7680409681
55.7680409681
55.7680409681
55.7680409681
55.7680409681
55.7680409681
55.7680409681
55.7680409681
55.7680409681
55.7680409681
55.7680409681
55.7680409681
55.7680409681
55.7680409681
55.7680409681
55.7680409681
55.7680409681
55.7680409681
55.7680409681
55.7680409681
55.7680409681
55.7680409681
55.7680409681
55.7680409681
55.7680409681
55.7680409681
55.7680409681
55.7680409681
55.7680409681
55.7680409681
55.7680409681
55.7680409681
55.7680409681
55.7680409681
55.7680409681
55.7680409681
55.7680409681
55.7680409681
55.7680409681
55.7680409681
55.7680409681
55.7680409681
55.7680409681
55.7680409681
55.7680409681
55.7680409681
55.7680409681
55.7680409681
55.7680409681
55.7680409681
55.7680409681
55.7680409681
55.7680409681
55.7680409681
55.7680409681
55.7680409681
55.7680409681
55.7680409681
55.7680409681
55.7680409681
55.7680409681
55.7680409681
55.7680409681
55.7680409681
55.7680409681
55.7680409681
55.7680409681
55.7680409681
55.7680409681
55.7680409681
55.7680409681
55.7680409681
55.7680409681
55.7680409681
55.7680409681
55.7680409681
55.7680409681
55.7680409681
55.7680409681
55.7680409681
55.7680409681
55.7680409681
55.7680409681
55.7680409681
55.7680409681
55.7680409681
55.7680409681
55.7680409681
55.7680409681
55.7680409681
55.7680409681
55.7680409681
55.7680409681
55.7680409681
55.7680409681
55.7680409681
55.7680409681
55.7680409681
55.7680409681
55.7680409681
55.7680409681
55.7680409681
55.7680409681
55.7680409681
55.7680409681
55.7680409681
55.7680409681
55.7680409681
55.7680409681
55.7680409681
55.7680409681
55.7680409681
55.7680409681
55.7680409681
55.7680409681
55.7680409681
55.7680409681
55.7680409681
55.7680409681
55.7680409681
55.7680409681
55.7680409681
55.7680409681
55.7680409681
55.7680409681
55.7680409681
55.7680409681
55.7680409681
55.7680409681
55.7680409681
55.7680409681
55.7680409681
55.7680409681
55.7680409681
55.7680409681
55.7680409681
55.7680409681
55.7680409681
55.7680409681
55.7680409681
55.7680409681
55.7680409681
55.7680409681
55.7680409681
55.7680409681
55.7680409681
55.7680409681
55.7680409681
55.7680409681
55.7680409681
55.7680409681
55.7680409681
55.7680409681
55.7680409681
55.7680409681
55.7680409681
55.7680409681
55.7680409681
55.7680409681
55.7680409681
55.7680409681
55.7680409681
55.7680409681
55.7680409681
55.7680409681
55.7680409681
55.7680409681
55.7680409681
55.7680409681
55.7680409681
55.7680409681
55.7680409681
55.7680409681
55.7680409681
55.7680409681
55.7680409681
55.7680409681
55.7680409681
55.7680409681
55.7680409681
55.7680409681
55.7680409681
55.7680409681
55.7680409681
55.7680409681
55.7680409681
55.7680409681
55.7680409681
55.7680409681
55.7680409681
55.7680409681
55.7680409681
55.7680409681
55.7680409681
55.7680409681
55.7680409681
55.7680409681
55.7680409681
55.7680409681
55.7680409681
55.7680409681
55.7680409681
55.7680409681
55.7680409681
55.7680409681
55.7680409681
55.7680409681
55.7680409681
55.7680409681
55.7680409681
55.7680409681
55.7680409681
55.7680409681
55.7680409681
55.7680409681
55.7680409681
55.7680409681
55.7680409681
55.7680409681
55.7680409681
55.7680409681
55.7680409681
55.7680409681
55.7680409681
55.7680409681
55.7680409681
55.7680409681
55.7680409681
55.7680409681
55.7680409681
55.7680409681
55.7680409681
55.7680409681
55.7680409681
55.7680409681
55.7680409681
55.7680409681
55.7680409681
55.7680409681
55.7680409681
55.7680409681
55.7680409681
55.7680409681
55.7680409681
55.7680409681
55.7680409681
55.7680409681
55.7680409681
55.7680409681
55.7680409681
55.7680409681
55.7680409681
55.7680409681
55.7680409681
55.7680409681
55.7680409681
55.7680409681
55.7680409681
55.7680409681
55.7680409681
55.7680409681
55.7680409681
55.7680409681
55.7680409681
55.7680409681
55.7680409681
55.7680409681
55.7680409681
55.7680409681
55.7680409681
55.7680409681
55.7680409681
55.7680409681
55.7680409681
55.7680409681
55.7680409681
55.7680409681
55.7680409681
55.7680409681
55.7680409681
55.7680409681
55.7680409681
55.7680409681
55.7680409681
55.7680409681
55.7680409681
55.7680409681
55.7680409681
55.7680409681
55.7680409681
55.7680409681
55.7680409681
55.7680409681
55.7680409681
55.7680409681
55.7680409681
55.7680409681
55.7680409681
55.7680409681
55.7680409681
55.7680409681
55.7680409681
55.7680409681
55.7680409681
55.7680409681
55.7680409681
55.7680409681
55.7680409681
55.7680409681
55.7680409681
55.7680409681
55.7680409681
55.7680409681
55.7680409681
55.7680409681
55.7680409681
55.7680409681
55.7680409681
55.7680409681
55.7680409681
55.7680409681
55.7680409681
55.7680409681
55.7680409681
55.7680409681
55.7680409681
55.7680409681
55.7680409681
55.7680409681
55.7680409681
55.7680409681
55.7680409681
55.7680409681
55.7680409681
55.7680409681
55.7680409681
55.7680409681
55.7680409681
55.7680409681
55.7680409681
55.7680409681
55.7680409681
55.7680409681
55.7680409681
55.7680409681
55.7680409681
55.7680409681
55.7680409681
55.7680409681
55.7680409681
55.7680409681
55.7680409681
55.7680409681
55.7680409681
55.7680409681
55.7680409681
55.7680409681
55.7680409681
55.7680409681
55.7680409681
55.7680409681
55.7680409681
55.7680409681
55.7680409681
55.7680409681
55.7680409681
55.7680409681
55.7680409681
55.7680409681
55.7680409681
55.7680409681
55.7680409681
55.7680409681
55.7680409681
55.7680409681
55.7680409681
55.7680409681
55.7680409681
55.7680409681
55.7680409681
55.7680409681
55.7680409681
55.7680409681
55.7680409681
55.7680409681
55.7680409681
55.7680409681
55.7680409681
55.7680409681
55.7680409681
55.7680409681
55.7680409681
55.7680409681
55.7680409681
55.7680409681
55.7680409681
55.7680409681
55.7680409681
55.7680409681
55.7680409681
55.7680409681
55.7680409681
55.7680409681
55.7680409681
55.7680409681
55.7680409681
55.7680409681
55.7680409681
55.7680409681
55.7680409681
55.7680409681
55.7680409681
55.7680409681
55.7680409681
55.7680409681
55.7680409681
55.7680409681
55.7680409681
55.7680409681
55.7680409681
55.7680409681
55.7680409681
55.7680409681
55.7680409681
55.7680409681
55.7680409681
55.7680409681
55.7680409681
55.7680409681
55.7680409681
55.7680409681
55.7680409681
55.7680409681
55.7680409681
55.7680409681
55.7680409681
55.7680409681
55.7680409681
55.7680409681
55.7680409681
55.7680409681
55.7680409681
55.7680409681
55.7680409681
55.7680409681
55.7680409681
55.7680409681
55.7680409681
55.7680409681
55.7680409681
55.7680409681
55.7680409681
55.7680409681
55.7680409681
55.7680409681
55.7680409681
55.7680409681
55.7680409681
55.7680409681
55.7680409681
55.7680409681
55.7680409681
55.7680409681
55.7680409681
55.7680409681
55.7680409681
55.7680409681
55.7680409681
55.7680409681
55.7680409681
55.7680409681
55.7680409681
55.7680409681
55.7680409681
55.7680409681
55.7680409681
55.7680409681
55.7680409681
55.7680409681
55.7680409681
55.7680409681
55.7680409681
55.7680409681
55.7680409681
55.7680409681
55.7680409681
55.7680409681
55.7680409681
55.7680409681
55.7680409681
55.7680409681
55.7680409681
55.7680409681
55.7680409681
55.7680409681
55.7680409681
55.7680409681
55.7680409681
55.7680409681
55.7680409681
55.7680409681
55.7680409681
55.7680409681
55.7680409681
55.7680409681
55.7680409681
55.7680409681
55.7680409681
55.7680409681
55.7680409681
55.7680409681
55.7680409681
55.7680409681
55.7680409681
55.7680409681
55.7680409681
55.7680409681
55.7680409681
55.7680409681
55.7680409681
55.7680409681
55.7680409681
55.7680409681
55.7680409681
55.7680409681
55.7680409681
55.7680409681
55.7680409681
55.7680409681
55.7680409681
55.7680409681
55.7680409681
55.7680409681
55.7680409681
55.7680409681
55.7680409681
55.7680409681
55.7680409681
55.7680409681
55.7680409681
55.7680409681
55.7680409681
55.7680409681
55.7680409681
55.7680409681
55.7680409681
55.7680409681
55.7680409681
55.7680409681
55.7680409681
55.7680409681
55.7680409681
55.7680409681
55.7680409681
55.7680409681
55.7680409681
55.7680409681
55.7680409681
55.7680409681
55.7680409681
55.7680409681
55.7680409681
55.7680409681
55.7680409681
55.7680409681
55.7680409681
55.7680409681
55.7680409681
55.7680409681
55.7680409681
55.7680409681
55.7680409681
55.7680409681
55.7680409681
55.7680409681
55.7680409681
55.7680409681
55.7680409681
55.7680409681
55.7680409681
55.7680409681
55.7680409681
55.7680409681
55.7680409681
55.7680409681
55.7680409681
55.7680409681
55.7680409681
55.7680409681
55.7680409681
55.7680409681
55.7680409681
55.7680409681
55.7680409681
55.7680409681
55.7680409681
55.7680409681
55.7680409681
55.7680409681
55.7680409681
55.7680409681
55.7680409681
55.7680409681
55.7680409681
55.7680409681
55.7680409681
55.7680409681
55.7680409681
55.7680409681
55.7680409681
55.7680409681
55.7680409681
55.7680409681
55.7680409681
55.7680409681
55.7680409681
55.7680409681
55.7680409681
55.7680409681
55.7680409681
55.7680409681
55.7680409681
55.7680409681
55.7680409681
55.7680409681
55.7680409681
55.7680409681
55.7680409681
55.7680409681
55.7680409681
55.7680409681
55.7680409681
55.7680409681
55.7680409681
55.7680409681
55.7680409681
55.7680409681
55.7680409681
55.7680409681
55.7680409681
55.7680409681
55.7680409681
55.7680409681
55.7680409681
55.7680409681
55.7680409681
55.7680409681
55.7680409681
55.7680409681
55.7680409681
55.7680409681
55.7680409681
55.7680409681
55.7680409681
55.7680409681
55.7680409681
55.7680409681
55.7680409681
55.7680409681
55.7680409681
55.7680409681
55.7680409681
55.7680409681
55.7680409681
55.7680409681
55.7680409681
55.7680409681
55.7680409681
55.7680409681
55.7680409681
55.7680409681
55.7680409681
55.7680409681
55.7680409681
55.7680409681
55.7680409681
55.7680409681
55.7680409681
55.7680409681
55.7680409681
55.7680409681
55.7680409681
55.7680409681
55.7680409681
55.7680409681
55.7680409681
55.7680409681
55.7680409681
55.7680409681
55.7680409681
55.7680409681
55.7680409681
55.7680409681
55.7680409681
55.7680409681
55.7680409681
55.7680409681
55.7680409681
55.7680409681
55.7680409681
55.7680409681
55.7680409681
55.7680409681
55.7680409681
55.7680409681
55.7680409681
55.7680409681
55.7680409681
55.7680409681
55.7680409681
55.7680409681
55.7680409681
55.7680409681
55.7680409681
55.7680409681
55.7680409681
55.7680409681
55.7680409681
55.7680409681
55.7680409681
55.7680409681
55.7680409681
55.7680409681
55.7680409681
55.7680409681
55.7680409681
55.7680409681
55.7680409681
55.7680409681
55.7680409681
55.7680409681
55.7680409681
55.7680409681
55.7680409681
55.7680409681
55.7680409681
55.7680409681
55.7680409681
55.7680409681
55.7680409681
55.7680409681
55.7680409681
55.7680409681
55.7680409681
55.7680409681
55.7680409681
55.7680409681
55.7680409681
55.7680409681
55.7680409681
55.7680409681
55.7680409681
55.7680409681
55.7680409681
55.7680409681
55.7680409681
55.7680409681
55.7680409681
55.7680409681
55.7680409681
55.7680409681
55.7680409681
55.7680409681
55.7680409681
55.7680409681
55.7680409681
55.7680409681
55.7680409681
55.7680409681
55.7680409681
55.7680409681
55.7680409681
55.7680409681
55.7680409681
55.7680409681
55.7680409681
55.7680409681
55.7680409681
55.7680409681
55.7680409681
55.7680409681
55.7680409681
55.7680409681
55.7680409681
55.7680409681
55.7680409681
55.7680409681
55.7680409681
55.7680409681
55.7680409681
55.7680409681
55.7680409681
55.7680409681
55.7680409681
55.7680409681
55.7680409681
55.7680409681
55.7680409681
55.7680409681
55.7680409681
55.7680409681
55.7680409681
55.7680409681
55.7680409681
55.7680409681
55.7680409681
55.7680409681
55.7680409681
55.7680409681
55.7680409681
55.7680409681
55.7680409681
55.7680409681
55.7680409681
55.7680409681
55.7680409681
55.7680409681
55.7680409681
55.7680409681
55.7680409681
55.7680409681
55.7680409681
55.7680409681
55.7680409681
55.7680409681
55.7680409681
55.7680409681
55.7680409681
55.7680409681
55.7680409681
55.7680409681
55.7680409681
55.7680409681
55.7680409681
55.7680409681
55.7680409681
55.7680409681
55.7680409681
55.7680409681
55.7680409681
55.7680409681
55.7680409681
55.7680409681
55.7680409681
55.7680409681
55.7680409681
55.7680409681
55.7680409681
55.7680409681
55.7680409681
55.7680409681
55.7680409681
55.7680409681
55.7680409681
55.7680409681
55.7680409681
55.7680409681
55.7680409681
55.7680409681
55.7680409681
55.7680409681
55.7680409681
55.7680409681
55.7680409681
55.7680409681
55.7680409681
55.7680409681
55.7680409681
55.7680409681
55.7680409681
55.7680409681
55.7680409681
55.7680409681
55.7680409681
55.7680409681
55.7680409681
55.7680409681
55.7680409681
55.7680409681
55.7680409681
55.7680409681
55.7680409681
55.7680409681
55.7680409681
55.7680409681
55.7680409681
55.7680409681
55.7680409681
55.7680409681
55.7680409681
55.7680409681
55.7680409681
55.7680409681
55.7680409681
55.7680409681
55.7680409681
55.7680409681
55.7680409681
55.7680409681
55.7680409681
55.7680409681
55.7680409681
55.7680409681
55.7680409681
55.7680409681
55.7680409681
55.7680409681
55.7680409681
55.7680409681
55.7680409681
55.7680409681
55.7680409681
55.7680409681
55.7680409681
55.7680409681
55.7680409681
55.7680409681
55.7680409681
55.7680409681
55.7680409681
55.7680409681
55.7680409681
55.7680409681
55.7680409681
55.7680409681
55.7680409681
55.7680409681
55.7680409681
55.7680409681
55.7680409681
55.7680409681
55.7680409681
55.7680409681
55.7680409681
55.7680409681
55.7680409681
55.7680409681
55.7680409681
55.7680409681
55.7680409681
55.7680409681
55.7680409681
55.7680409681
55.7680409681
55.7680409681
55.7680409681
55.7680409681
55.7680409681
55.7680409681
55.7680409681
55.7680409681
55.7680409681
55.7680409681
55.7680409681
55.7680409681
55.7680409681
55.7680409681
55.7680409681
55.7680409681
55.7680409681
55.7680409681
55.7680409681
55.7680409681
55.7680409681
55.7680409681
55.7680409681
55.7680409681
55.7680409681
55.7680409681
55.7680409681
55.7680409681
55.7680409681
55.7680409681
55.7680409681
55.7680409681
55.7680409681
55.7680409681
55.7680409681
55.7680409681
55.7680409681
55.7680409681
55.7680409681
55.7680409681
55.7680409681
55.7680409681
55.7680409681
55.7680409681
55.7680409681
55.7680409681
55.7680409681
55.7680409681
55.7680409681
55.7680409681
55.7680409681
55.7680409681
55.7680409681
55.7680409681
55.7680409681
55.7680409681
55.7680409681
55.7680409681
55.7680409681
55.7680409681
55.7680409681
55.7680409681
55.7680409681
55.7680409681
55.7680409681
55.7680409681
55.7680409681
55.7680409681
55.7680409681
55.7680409681
55.7680409681
55.7680409681
55.7680409681
55.7680409681
55.7680409681
55.7680409681
55.7680409681
55.7680409681
55.7680409681
55.7680409681
55.7680409681
55.7680409681
55.7680409681
55.7680409681
55.7680409681
55.7680409681
55.7680409681
55.7680409681
55.7680409681
55.7680409681
55.7680409681
55.7680409681
55.7680409681
55.7680409681
55.7680409681
55.7680409681
55.7680409681
55.7680409681
55.7680409681
55.7680409681
55.7680409681
55.7680409681
55.7680409681
55.7680409681
55.7680409681
55.7680409681
55.7680409681
55.7680409681
55.7680409681
55.7680409681
55.7680409681
55.7680409681
55.7680409681
55.7680409681
55.7680409681
55.7680409681
55.7680409681
55.7680409681
55.7680409681
55.7680409681
55.7680409681
55.7680409681
55.7680409681
55.7680409681
55.7680409681
55.7680409681
55.7680409681
55.7680409681
55.7680409681
55.7680409681
55.7680409681
55.7680409681
55.7680409681
55.7680409681
55.7680409681
55.7680409681
55.7680409681
55.7680409681
55.7680409681
55.7680409681
55.7680409681
55.7680409681
55.7680409681
55.7680409681
55.7680409681
55.7680409681
55.7680409681
55.7680409681
55.7680409681
55.7680409681
55.7680409681
55.7680409681
55.7680409681
55.7680409681
55.7680409681
55.7680409681
55.7680409681
55.7680409681
55.7680409681
55.7680409681
55.7680409681
55.7680409681
55.7680409681
55.7680409681
55.7680409681
55.7680409681
55.7680409681
55.7680409681
55.7680409681
55.7680409681
55.7680409681
55.7680409681
55.7680409681
55.7680409681
55.7680409681
55.7680409681
55.7680409681
55.7680409681
55.7680409681
55.7680409681
55.7680409681
55.7680409681
55.7680409681
55.7680409681
55.7680409681
55.7680409681
55.7680409681
55.7680409681
55.7680409681
55.7680409681
55.7680409681
55.7680409681
55.7680409681
55.7680409681
55.7680409681
55.7680409681
55.7680409681
55.7680409681
55.7680409681
55.7680409681
55.7680409681
55.7680409681
55.7680409681
55.7680409681
55.7680409681
55.7680409681
55.7680409681
55.7680409681
55.7680409681
55.7680409681
55.7680409681
55.7680409681
55.7680409681
55.7680409681
