409.8939969381918
409.8939969381918
395.2974151795469
392.07918809217034
388.2934868159903
388.2934868159903
388.2934868159903
388.2934868159903
388.2934868159903
352.6200931166169
347.55754736996647
347.55754736996647
328.8062929501107
292.1790654242367
292.1790654242367
292.1790654242367
258.002159106084
258.002159106084
258.002159106084
258.002159106084
258.002159106084
234.40940606723433
233.18065109765138
218.73263558834824
211.54257514431924
207.1510648782066
196.22081511059739
180.02538878938753
165.5710935292534
165.5710935292534
165.5710935292534
162.12945527677942
158.19124553183653
156.20311603394055
155.5579439088434
151.59665710481949
151.3767093613445
149.1552419325883
147.50518963979843
144.99636778488025
143.8577367387433
143.25131633766276
142.3332322527477
141.91391549870866
141.44498348209595
140.61269786764683
139.94035077547454
139.47426497008715
138.9505810118784
138.6168682233847
138.27177254722176
137.996847685482
137.68014318168454
137.46571425781724
137.31482389284014
137.1772529153426
137.00577865967148
136.8703980414536
136.72738451633947
136.644237672221
136.50515834148715
136.3559804684749
136.18396008405946
136.0395948432215
135.917494422456
135.80454909966852
135.70798939795534
135.66936670492123
135.66607803733012
135.66391208274976
135.66131136448766
135.65576641047073
135.65385462329894
135.64816301727447
135.64087506655483
135.63335481483338
135.62613169531286
135.62011930014185
135.6154223776331
135.61081369710752
135.605985112778
135.60057666142012
135.59450541727827
135.58389861572073
135.57570429570455
135.56715288211674
135.5522261246134
135.54571925049052
135.53203783317377
135.51536180701618
135.50597251784535
135.49338698098225
135.48128612929563
135.46648449928534
135.45175663551328
135.43744977330797
135.41870125454767
135.39675862140965
135.378635646665
135.35102699281848
135.3104259810362
135.26971919634548
135.24223965854253
135.1845555496348
135.10710636700617
135.0311647248802
134.97981617194452
134.92773226827651
134.88198597967065
134.81310645003379
134.75980452006672
134.72404839446074
134.68417537840233
134.61112221401902
134.56042412097463
134.52019530193905
134.48487928447526
134.44088373643936
134.40134900322062
134.36291511393583
134.3324961314452
134.30992710729316
134.29470757977992
134.26798183327526
134.25450823604444
134.22437215939672
134.20363565350132
134.17925130877313
134.17078204596947
134.16530622537408
134.16464366402758
134.16464366402758
134.16463962415412
134.16463921157361
134.1646391990824
134.1646391990824
134.1646391990824
134.16463918525898
134.16463918525898
134.16463918525898
134.16463918525898
134.16463917941286
134.16463917941286
134.16463917941286
134.16463917941286
134.164639177157
134.16463917450665
134.16463917127058
134.164639167524
134.16463916549475
134.16463916318938
134.1646391569189
134.16463915329453
134.1646391435359
134.16463913576985
134.16463912644008
134.16463911902702
134.1646391089341
134.16463909633973
134.16463908204085
134.16463905988954
134.16463904568897
134.16463901737043
134.1646389957009
134.16463897695297
134.16463895451048
134.1646389365317
134.1646389211576
134.1646389005172
134.16463888058294
134.16463885330492
134.1646388371312
134.16463880943957
134.1646387767965
134.1646387573779
134.16463872853754
134.16463869670173
134.16463866873212
134.16463860989856
134.16463857901883
134.164638538552
134.16463847343138
134.164638422339
134.16463833816024
134.16463827110914
134.1646382016469
134.16463813360642
134.16463807825116
134.16463800960997
134.16463795342787
134.16463787492242
134.1646378020837
134.16463773102026
134.16463765810704
134.16463757338178
134.16463743806526
134.16463727805325
134.1646370629552
134.16463687966535
134.16463672381215
134.16463652667662
134.164636306638
134.16463600248125
134.16463565899573
134.16463546041018
134.16463502768727
134.1646345728035
134.16463403270893
134.1646335199996
134.16463307666908
134.16463262507216
134.164632122417
134.16463158483356
134.16463076009654
134.16463023568588
134.1646296867595
134.16462898427687
134.16462826945036
134.1646278389146
134.1646268053455
134.16462599091
134.16462443497392
134.16462219882334
134.16462111371504
134.16461886208486
134.16461681279839
134.16461414730674
134.16461232627114
134.16461007000783
134.16460789121004
134.16460427310358
134.16460008549564
134.1645977252619
134.1645947589049
134.16459027707322
134.16458422766357
134.1645798482677
134.1645725679457
134.1645622668404
134.16455135549643
134.16454065013335
134.164532220711
134.1645180149685
134.16450783493605
134.164499860967
134.164484320535
134.16446730790426
134.16445611350184
134.16442909934477
134.16441402879832
134.16439609754894
134.1643690229625
134.16433743558065
134.16431589704308
134.1642825855007
134.16424128659742
134.16420585927938
134.16416362801994
134.16413068735
134.16409964842114
134.16405293776643
134.16399944518616
134.16394041614024
134.1639103221886
134.16387496585713
134.16383343375327
134.16379582555595
134.16375596860536
134.16369679542987
134.16364496016791
134.16360763262844
134.16354627662963
134.16348850588423
134.16341404810674
134.16335789183614
134.16329314500666
134.16323886802758
134.16313918508325
134.1630216604011
134.16290843388316
134.16277302057534
134.16262801722115
134.1625473413585
134.16236942534402
134.16226093506475
134.16212319202214
134.16199449709507
134.16183965865173
134.16161198472906
134.16148563743934
134.16134361045567
134.16116198814439
134.1609395807302
134.1607269373469
134.16060744366564
134.16046430988035
134.1603201831786
134.16022264973856
134.16001582097311
134.15981934331944
134.15965505311556
134.15953306707127
134.159359348161
134.15907055993398
134.15887840969071
134.15866048962238
134.15840253392832
134.15822281104897
134.1578796850995
134.15752135491869
134.15710512382992
134.15658485517685
134.1561606016549
134.15542418953214
134.15475555162362
134.15407615426227
134.1534564208867
134.15250731034035
134.1511934125429
134.14986313568994
134.14854515106214
134.1472667319078
134.1465060050113
134.14526729421817
134.14452573371085
134.14266306019573
134.14111353458458
134.1385708538901
134.1352593782372
134.1324464931949
134.13028682298676
134.12611841045862
134.1216708908126
134.11697101454928
134.11290541158007
134.1091160616093
134.10392759161738
134.0981515197991
134.09338072656385
134.08784795973372
134.0799773616983
134.07246668517888
134.06549930939872
134.05611299788302
134.05014628688355
134.0401132733569
134.02696499016025
134.01243175435678
133.99618145008407
133.9818699729584
133.97139793856735
133.9587830908793
133.94655640079185
133.93339939885175
133.91295662732443
133.89497105564476
133.87879619064785
133.8476733503963
133.81088465511704
133.77371932213975
133.73869843061232
133.68501870524187
133.6517754854625
133.5968299259274
133.535299635282
133.44881914298992
133.36560012660658
133.30429677483033
133.25323949807245
133.1684441822216
133.09084994322887
133.01460379398242
132.959318503436
132.88345336843486
132.80929154194445
132.7187903656
132.6750702375436
132.59629062225792
132.51876682801645
132.4063504502796
132.30695379275568
132.23007338130407
132.17178587234758
132.08655092617983
132.00648363790242
131.90406709655554
131.84335599535643
131.7273755565247
131.63558879469923
131.51042868610307
131.392947739212
131.25291751833504
131.16444067817872
131.06664636782466
130.94571241418674
130.73820421472544
130.62718736247746
130.52101294598612
130.40437382300348
130.2240449417734
130.06178451218057
129.88617198383423
129.66540762990473
129.51552892721566
129.38605044875095
129.2816678388673
129.17681697782527
129.09800501727878
129.08128101944808
129.0812801251549
129.0812801251549
129.08127701054778
129.08127701054778
129.08127701054778
129.08127646685986
129.0812764662845
129.0812764662845
129.0812764662845
129.0812764662845
129.0812764662845
129.0812764662845
129.0812764662845
129.08127646607173
129.08127646606474
129.08127646606474
129.08127646606474
129.08127646606474
129.08127646606474
129.08127646606474
129.08127646606474
129.08127646606474
129.08127646606474
129.08127646606474
129.08127646606474
129.08127646606474
129.08127646606417
129.08127646606417
129.08127646606417
129.0812764660641
129.0812764660641
129.0812764660641
129.0812764660641
129.0812764660641
129.0812764660641
129.0812764660641
129.0812764660641
129.0812764660641
129.0812764660641
129.0812764660641
129.0812764660641
129.0812764660641
129.0812764660641
129.0812764660641
129.0812764660641
129.0812764660641
129.0812764660641
129.0812764660641
129.0812764660641
129.0812764660641
129.0812764660641
129.0812764660641
129.0812764660641
129.0812764660641
129.0812764660641
129.0812764660641
129.0812764660641
129.0812764660641
129.0812764660641
129.0812764660641
129.0812764660641
129.0812764660641
129.0812764660641
129.0812764660641
129.0812764660641
129.0812764660641
129.0812764660641
129.0812764660641
129.0812764660641
129.0812764660641
129.0812764660641
129.0812764660641
129.0812764660641
129.0812764660641
129.0812764660641
129.0812764660641
129.0812764660641
129.0812764660641
129.0812764660641
129.0812764660641
129.0812764660641
129.0812764660641
129.0812764660641
129.0812764660641
129.0812764660641
129.0812764660641
129.0812764660641
129.0812764660641
129.0812764660641
129.0812764660641
129.0812764660641
129.0812764660641
129.0812764660641
129.0812764660641
129.0812764660641
129.0812764660641
129.0812764660641
129.0812764660641
129.0812764660641
129.0812764660641
129.0812764660641
129.0812764660641
129.0812764660641
129.0812764660641
129.0812764660641
129.0812764660641
129.0812764660641
129.0812764660641
129.0812764660641
129.0812764660641
129.0812764660641
129.0812764660641
129.0812764660641
129.0812764660641
129.0812764660641
129.0812764660641
129.0812764660641
129.0812764660641
129.0812764660641
129.0812764660641
129.0812764660641
129.0812764660641
129.0812764660641
129.0812764660641
129.0812764660641
129.0812764660641
129.0812764660641
129.0812764660641
129.0812764660641
129.0812764660641
129.0812764660641
129.0812764660641
129.0812764660641
129.0812764660641
129.0812764660641
129.0812764660641
129.0812764660641
129.0812764660641
129.0812764660641
129.0812764660641
129.0812764660641
129.0812764660641
129.0812764660641
129.0812764660641
129.0812764660641
129.0812764660641
129.0812764660641
129.0812764660641
129.0812764660641
129.0812764660641
129.0812764660641
129.0812764660641
129.0812764660641
129.0812764660641
129.0812764660641
129.0812764660641
129.0812764660641
129.0812764660641
129.0812764660641
129.0812764660641
129.0812764660641
129.0812764660641
129.0812764660641
129.0812764660641
129.0812764660641
129.0812764660641
129.0812764660641
129.0812764660641
129.0812764660641
129.0812764660641
129.0812764660641
129.0812764660641
129.0812764660641
129.0812764660641
129.0812764660641
129.0812764660641
129.0812764660641
129.0812764660641
129.0812764660641
129.0812764660641
129.0812764660641
129.0812764660641
129.0812764660641
129.0812764660641
129.0812764660641
129.0812764660641
129.0812764660641
129.0812764660641
129.0812764660641
129.0812764660641
129.0812764660641
129.0812764660641
129.0812764660641
129.0812764660641
129.0812764660641
129.0812764660641
129.0812764660641
129.0812764660641
129.0812764660641
129.0812764660641
129.0812764660641
129.0812764660641
129.0812764660641
129.0812764660641
129.0812764660641
129.0812764660641
129.0812764660641
129.0812764660641
129.0812764660641
129.0812764660641
129.0812764660641
129.0812764660641
129.0812764660641
129.0812764660641
129.0812764660641
129.0812764660641
129.0812764660641
129.0812764660641
129.0812764660641
129.0812764660641
129.0812764660641
129.0812764660641
129.0812764660641
129.0812764660641
129.0812764660641
129.0812764660641
129.0812764660641
129.0812764660641
129.0812764660641
129.0812764660641
129.0812764660641
129.0812764660641
129.0812764660641
129.0812764660641
129.0812764660641
129.0812764660641
129.0812764660641
129.0812764660641
129.0812764660641
129.0812764660641
129.0812764660641
129.0812764660641
129.0812764660641
129.0812764660641
129.0812764660641
129.0812764660641
129.0812764660641
129.0812764660641
129.0812764660641
129.0812764660641
129.0812764660641
129.0812764660641
129.0812764660641
129.0812764660641
129.0812764660641
129.0812764660641
129.0812764660641
129.0812764660641
129.0812764660641
129.0812764660641
129.0812764660641
129.0812764660641
129.0812764660641
129.0812764660641
129.0812764660641
129.0812764660641
129.0812764660641
129.0812764660641
129.0812764660641
129.0812764660641
129.0812764660641
129.0812764660641
129.0812764660641
129.0812764660641
129.0812764660641
129.0812764660641
129.0812764660641
129.0812764660641
129.0812764660641
129.0812764660641
129.0812764660641
129.0812764660641
129.0812764660641
129.0812764660641
129.0812764660641
129.0812764660641
129.0812764660641
129.0812764660641
129.0812764660641
129.0812764660641
129.0812764660641
129.0812764660641
129.0812764660641
129.0812764660641
129.0812764660641
129.0812764660641
129.0812764660641
129.0812764660641
129.0812764660641
129.0812764660641
129.0812764660641
129.0812764660641
129.0812764660641
129.0812764660641
129.0812764660641
129.0812764660641
129.0812764660641
129.0812764660641
129.0812764660641
129.0812764660641
129.0812764660641
129.0812764660641
129.0812764660641
129.0812764660641
129.0812764660641
129.0812764660641
129.0812764660641
129.0812764660641
129.0812764660641
129.0812764660641
129.0812764660641
129.0812764660641
129.0812764660641
129.0812764660641
129.0812764660641
129.0812764660641
129.0812764660641
129.0812764660641
129.0812764660641
129.0812764660641
129.0812764660641
129.0812764660641
129.0812764660641
129.0812764660641
129.0812764660641
129.0812764660641
129.0812764660641
129.0812764660641
129.0812764660641
129.0812764660641
129.0812764660641
129.0812764660641
129.0812764660641
129.0812764660641
129.0812764660641
129.0812764660641
129.0812764660641
129.0812764660641
129.0812764660641
129.0812764660641
129.0812764660641
129.0812764660641
129.0812764660641
129.0812764660641
129.0812764660641
129.0812764660641
129.0812764660641
129.0812764660641
129.0812764660641
129.0812764660641
129.0812764660641
129.0812764660641
129.0812764660641
129.0812764660641
129.0812764660641
129.0812764660641
129.0812764660641
129.0812764660641
129.0812764660641
129.0812764660641
129.0812764660641
129.0812764660641
129.0812764660641
129.0812764660641
129.0812764660641
129.0812764660641
129.0812764660641
129.0812764660641
129.0812764660641
129.0812764660641
129.0812764660641
129.0812764660641
129.0812764660641
129.0812764660641
129.0812764660641
129.0812764660641
129.0812764660641
129.0812764660641
129.0812764660641
129.0812764660641
129.0812764660641
129.0812764660641
129.0812764660641
129.0812764660641
129.0812764660641
129.0812764660641
129.0812764660641
129.0812764660641
129.0812764660641
129.0812764660641
129.0812764660641
129.0812764660641
129.0812764660641
129.0812764660641
129.0812764660641
129.0812764660641
129.0812764660641
129.0812764660641
129.0812764660641
129.0812764660641
129.0812764660641
129.0812764660641
129.0812764660641
129.0812764660641
129.0812764660641
129.0812764660641
129.0812764660641
129.0812764660641
129.0812764660641
129.0812764660641
129.0812764660641
129.0812764660641
129.0812764660641
129.0812764660641
129.0812764660641
129.0812764660641
129.0812764660641
129.0812764660641
129.0812764660641
129.0812764660641
129.0812764660641
129.0812764660641
129.0812764660641
129.0812764660641
129.0812764660641
129.0812764660641
129.0812764660641
129.0812764660641
129.0812764660641
129.0812764660641
129.0812764660641
129.0812764660641
129.0812764660641
129.0812764660641
129.0812764660641
129.0812764660641
129.0812764660641
129.0812764660641
129.0812764660641
129.0812764660641
129.0812764660641
129.0812764660641
129.0812764660641
129.0812764660641
129.0812764660641
129.0812764660641
129.0812764660641
129.0812764660641
129.0812764660641
129.0812764660641
129.0812764660641
129.0812764660641
129.0812764660641
129.0812764660641
129.0812764660641
129.0812764660641
129.0812764660641
129.0812764660641
129.0812764660641
129.0812764660641
129.0812764660641
129.0812764660641
129.0812764660641
129.0812764660641
129.0812764660641
129.0812764660641
129.0812764660641
129.0812764660641
129.0812764660641
129.0812764660641
129.0812764660641
129.0812764660641
129.0812764660641
129.0812764660641
129.0812764660641
129.0812764660641
129.0812764660641
129.0812764660641
129.0812764660641
129.0812764660641
129.0812764660641
129.0812764660641
129.0812764660641
129.0812764660641
129.0812764660641
129.0812764660641
129.0812764660641
129.0812764660641
129.0812764660641
129.0812764660641
129.0812764660641
129.0812764660641
129.0812764660641
129.0812764660641
129.0812764660641
129.0812764660641
129.0812764660641
129.0812764660641
129.0812764660641
129.0812764660641
129.0812764660641
129.0812764660641
129.0812764660641
129.0812764660641
129.0812764660641
129.0812764660641
129.0812764660641
129.0812764660641
129.0812764660641
129.0812764660641
129.0812764660641
129.0812764660641
129.0812764660641
129.0812764660641
129.0812764660641
129.0812764660641
129.0812764660641
129.0812764660641
129.0812764660641
129.0812764660641
129.0812764660641
129.0812764660641
129.0812764660641
129.0812764660641
129.0812764660641
129.0812764660641
129.0812764660641
129.0812764660641
129.0812764660641
129.0812764660641
129.0812764660641
129.0812764660641
129.0812764660641
129.0812764660641
129.0812764660641
129.0812764660641
129.0812764660641
129.0812764660641
129.0812764660641
129.0812764660641
129.0812764660641
129.0812764660641
129.0812764660641
129.0812764660641
129.0812764660641
129.0812764660641
129.0812764660641
129.0812764660641
129.0812764660641
129.0812764660641
129.0812764660641
129.0812764660641
129.0812764660641
129.0812764660641
129.0812764660641
129.0812764660641
129.0812764660641
129.0812764660641
129.0812764660641
129.0812764660641
129.0812764660641
129.0812764660641
129.0812764660641
129.0812764660641
129.0812764660641
129.0812764660641
129.0812764660641
129.0812764660641
129.0812764660641
129.0812764660641
129.0812764660641
129.0812764660641
129.0812764660641
129.0812764660641
129.0812764660641
129.0812764660641
129.0812764660641
129.0812764660641
129.0812764660641
129.0812764660641
129.0812764660641
129.0812764660641
129.0812764660641
129.0812764660641
129.0812764660641
129.0812764660641
129.0812764660641
129.0812764660641
129.0812764660641
129.0812764660641
129.0812764660641
129.0812764660641
129.0812764660641
129.0812764660641
129.0812764660641
129.0812764660641
129.0812764660641
129.0812764660641
129.0812764660641
129.0812764660641
129.0812764660641
129.0812764660641
129.0812764660641
129.0812764660641
129.0812764660641
129.0812764660641
129.0812764660641
129.0812764660641
129.0812764660641
129.0812764660641
129.0812764660641
129.0812764660641
129.0812764660641
129.0812764660641
129.0812764660641
129.0812764660641
129.0812764660641
129.0812764660641
129.0812764660641
129.0812764660641
129.0812764660641
129.0812764660641
129.0812764660641
129.0812764660641
129.0812764660641
129.0812764660641
129.0812764660641
129.0812764660641
129.0812764660641
129.0812764660641
129.0812764660641
129.0812764660641
129.0812764660641
129.0812764660641
129.0812764660641
129.0812764660641
129.0812764660641
129.0812764660641
129.0812764660641
129.0812764660641
129.0812764660641
129.0812764660641
129.0812764660641
129.0812764660641
129.0812764660641
129.0812764660641
129.0812764660641
129.0812764660641
129.0812764660641
129.0812764660641
129.0812764660641
129.0812764660641
129.0812764660641
129.0812764660641
129.0812764660641
129.0812764660641
129.0812764660641
129.0812764660641
129.0812764660641
129.0812764660641
129.0812764660641
129.0812764660641
129.0812764660641
129.0812764660641
129.0812764660641
129.0812764660641
129.0812764660641
129.0812764660641
129.0812764660641
129.0812764660641
129.0812764660641
129.0812764660641
129.0812764660641
129.0812764660641
129.0812764660641
129.0812764660641
129.0812764660641
129.0812764660641
129.0812764660641
129.0812764660641
129.0812764660641
129.0812764660641
129.0812764660641
129.0812764660641
129.0812764660641
129.0812764660641
129.0812764660641
129.0812764660641
129.0812764660641
129.0812764660641
129.0812764660641
129.0812764660641
129.0812764660641
129.0812764660641
129.0812764660641
129.0812764660641
129.0812764660641
129.0812764660641
129.0812764660641
129.0812764660641
129.0812764660641
129.0812764660641
129.0812764660641
129.0812764660641
129.0812764660641
129.0812764660641
129.0812764660641
129.0812764660641
129.0812764660641
129.0812764660641
129.0812764660641
129.0812764660641
129.0812764660641
129.0812764660641
129.0812764660641
129.0812764660641
129.0812764660641
129.0812764660641
129.0812764660641
129.0812764660641
129.0812764660641
129.0812764660641
129.0812764660641
129.0812764660641
129.0812764660641
129.0812764660641
129.0812764660641
129.0812764660641
129.0812764660641
129.0812764660641
129.0812764660641
129.0812764660641
129.0812764660641
129.0812764660641
129.0812764660641
129.0812764660641
129.0812764660641
129.0812764660641
129.0812764660641
129.0812764660641
129.0812764660641
129.0812764660641
129.0812764660641
129.0812764660641
129.0812764660641
129.0812764660641
129.0812764660641
129.0812764660641
129.0812764660641
129.0812764660641
129.0812764660641
129.0812764660641
129.0812764660641
129.0812764660641
129.0812764660641
129.0812764660641
129.0812764660641
129.0812764660641
129.0812764660641
129.0812764660641
129.0812764660641
129.0812764660641
129.0812764660641
129.0812764660641
129.0812764660641
129.0812764660641
129.0812764660641
129.0812764660641
129.0812764660641
129.0812764660641
129.0812764660641
129.0812764660641
129.0812764660641
129.0812764660641
129.0812764660641
129.0812764660641
129.0812764660641
129.0812764660641
129.0812764660641
129.0812764660641
129.0812764660641
129.0812764660641
129.0812764660641
129.0812764660641
129.0812764660641
129.0812764660641
129.0812764660641
129.0812764660641
129.0812764660641
129.0812764660641
129.0812764660641
129.0812764660641
129.0812764660641
129.0812764660641
129.0812764660641
129.0812764660641
129.0812764660641
129.0812764660641
129.0812764660641
129.0812764660641
129.0812764660641
129.0812764660641
129.0812764660641
129.0812764660641
129.0812764660641
129.0812764660641
129.0812764660641
129.0812764660641
129.0812764660641
129.0812764660641
129.0812764660641
129.0812764660641
129.0812764660641
129.0812764660641
129.0812764660641
129.0812764660641
129.0812764660641
129.0812764660641
129.0812764660641
129.0812764660641
129.0812764660641
129.0812764660641
129.0812764660641
129.0812764660641
129.0812764660641
129.0812764660641
129.0812764660641
129.0812764660641
129.0812764660641
129.0812764660641
129.0812764660641
129.0812764660641
129.0812764660641
129.0812764660641
129.0812764660641
129.0812764660641
129.0812764660641
129.0812764660641
129.0812764660641
129.0812764660641
129.0812764660641
129.0812764660641
129.0812764660641
129.0812764660641
129.0812764660641
129.0812764660641
129.0812764660641
129.0812764660641
129.0812764660641
129.0812764660641
129.0812764660641
129.0812764660641
129.0812764660641
129.0812764660641
129.0812764660641
129.0812764660641
129.0812764660641
129.0812764660641
129.0812764660641
129.0812764660641
129.0812764660641
129.0812764660641
129.0812764660641
129.0812764660641
129.0812764660641
129.0812764660641
129.0812764660641
129.0812764660641
129.0812764660641
129.0812764660641
129.0812764660641
129.0812764660641
129.0812764660641
129.0812764660641
129.0812764660641
129.0812764660641
129.0812764660641
129.0812764660641
129.0812764660641
129.0812764660641
129.0812764660641
129.0812764660641
129.0812764660641
129.0812764660641
129.0812764660641
129.0812764660641
129.0812764660641
129.0812764660641
129.0812764660641
129.0812764660641
129.0812764660641
129.0812764660641
129.0812764660641
129.0812764660641
129.0812764660641
129.0812764660641
129.0812764660641
129.0812764660641
129.0812764660641
129.0812764660641
129.0812764660641
129.0812764660641
129.0812764660641
129.0812764660641
129.0812764660641
129.0812764660641
129.0812764660641
129.0812764660641
129.0812764660641
129.0812764660641
129.0812764660641
129.0812764660641
129.0812764660641
129.0812764660641
129.0812764660641
129.0812764660641
129.0812764660641
129.0812764660641
129.0812764660641
129.0812764660641
129.0812764660641
129.0812764660641
129.0812764660641
129.0812764660641
129.0812764660641
129.0812764660641
129.0812764660641
129.0812764660641
129.0812764660641
129.0812764660641
129.0812764660641
129.0812764660641
129.0812764660641
129.0812764660641
129.0812764660641
129.0812764660641
129.0812764660641
129.0812764660641
129.0812764660641
129.0812764660641
129.0812764660641
129.0812764660641
129.0812764660641
129.0812764660641
129.0812764660641
129.0812764660641
129.0812764660641
129.0812764660641
129.0812764660641
129.0812764660641
129.0812764660641
129.0812764660641
129.0812764660641
129.0812764660641
129.0812764660641
129.0812764660641
129.0812764660641
129.0812764660641
129.0812764660641
129.0812764660641
129.0812764660641
129.0812764660641
129.0812764660641
129.0812764660641
129.0812764660641
129.0812764660641
129.0812764660641
129.0812764660641
129.0812764660641
129.0812764660641
129.0812764660641
129.0812764660641
129.0812764660641
129.0812764660641
129.0812764660641
129.0812764660641
129.0812764660641
129.0812764660641
129.0812764660641
129.0812764660641
129.0812764660641
129.0812764660641
129.0812764660641
129.0812764660641
129.0812764660641
129.0812764660641
129.0812764660641
129.0812764660641
129.0812764660641
129.0812764660641
129.0812764660641
129.0812764660641
129.0812764660641
129.0812764660641
129.0812764660641
129.0812764660641
129.0812764660641
129.0812764660641
129.0812764660641
129.0812764660641
129.0812764660641
129.0812764660641
129.0812764660641
129.0812764660641
129.0812764660641
129.0812764660641
129.0812764660641
129.0812764660641
129.0812764660641
129.0812764660641
129.0812764660641
129.0812764660641
129.0812764660641
129.0812764660641
129.0812764660641
129.0812764660641
129.0812764660641
129.0812764660641
129.0812764660641
129.0812764660641
129.0812764660641
129.0812764660641
129.0812764660641
129.0812764660641
129.0812764660641
129.0812764660641
129.0812764660641
129.0812764660641
129.0812764660641
129.0812764660641
129.0812764660641
129.0812764660641
129.0812764660641
129.0812764660641
129.0812764660641
129.0812764660641
129.0812764660641
129.0812764660641
129.0812764660641
129.0812764660641
129.0812764660641
129.0812764660641
129.0812764660641
129.0812764660641
129.0812764660641
129.0812764660641
129.0812764660641
129.0812764660641
129.0812764660641
129.0812764660641
129.0812764660641
129.0812764660641
129.0812764660641
129.0812764660641
129.0812764660641
129.0812764660641
129.0812764660641
129.0812764660641
129.0812764660641
129.0812764660641
129.0812764660641
129.0812764660641
129.0812764660641
129.0812764660641
129.0812764660641
129.0812764660641
129.0812764660641
129.0812764660641
129.0812764660641
129.0812764660641
129.0812764660641
129.0812764660641
129.0812764660641
129.0812764660641
129.0812764660641
129.0812764660641
129.0812764660641
129.0812764660641
129.0812764660641
129.0812764660641
129.0812764660641
129.0812764660641
129.0812764660641
129.0812764660641
129.0812764660641
129.0812764660641
129.0812764660641
129.0812764660641
129.0812764660641
129.0812764660641
129.0812764660641
129.0812764660641
129.0812764660641
129.0812764660641
129.0812764660641
129.0812764660641
129.0812764660641
129.0812764660641
129.0812764660641
129.0812764660641
129.0812764660641
129.0812764660641
129.0812764660641
129.0812764660641
129.0812764660641
129.0812764660641
129.0812764660641
129.0812764660641
129.0812764660641
129.0812764660641
129.0812764660641
129.0812764660641
129.0812764660641
129.0812764660641
129.0812764660641
129.0812764660641
129.0812764660641
129.0812764660641
129.0812764660641
129.0812764660641
129.0812764660641
129.0812764660641
129.0812764660641
129.0812764660641
129.0812764660641
129.0812764660641
129.0812764660641
129.0812764660641
129.0812764660641
129.0812764660641
129.0812764660641
129.0812764660641
129.0812764660641
129.0812764660641
129.0812764660641
129.0812764660641
129.0812764660641
129.0812764660641
129.0812764660641
129.0812764660641
129.0812764660641
129.0812764660641
129.0812764660641
129.0812764660641
129.0812764660641
129.0812764660641
129.0812764660641
129.0812764660641
129.0812764660641
129.0812764660641
129.0812764660641
129.0812764660641
129.0812764660641
129.0812764660641
129.0812764660641
129.0812764660641
129.0812764660641
129.0812764660641
129.0812764660641
129.0812764660641
129.0812764660641
129.0812764660641
129.0812764660641
129.0812764660641
129.0812764660641
129.0812764660641
129.0812764660641
129.0812764660641
129.0812764660641
129.0812764660641
129.0812764660641
129.0812764660641
129.0812764660641
129.0812764660641
129.0812764660641
129.0812764660641
129.0812764660641
129.0812764660641
129.0812764660641
129.0812764660641
129.0812764660641
129.0812764660641
129.0812764660641
129.0812764660641
129.0812764660641
129.0812764660641
129.0812764660641
129.0812764660641
129.0812764660641
129.0812764660641
129.0812764660641
129.0812764660641
129.0812764660641
129.0812764660641
129.0812764660641
129.0812764660641
129.0812764660641
129.0812764660641
129.0812764660641
129.0812764660641
129.0812764660641
129.0812764660641
129.0812764660641
129.0812764660641
129.0812764660641
129.0812764660641
129.0812764660641
129.0812764660641
129.0812764660641
129.0812764660641
129.0812764660641
129.0812764660641
129.0812764660641
129.0812764660641
129.0812764660641
129.0812764660641
129.0812764660641
129.0812764660641
129.0812764660641
129.0812764660641
129.0812764660641
129.0812764660641
129.0812764660641
129.0812764660641
129.0812764660641
129.0812764660641
129.0812764660641
129.0812764660641
129.0812764660641
129.0812764660641
129.0812764660641
129.0812764660641
129.0812764660641
129.0812764660641
129.0812764660641
129.0812764660641
129.0812764660641
129.0812764660641
129.0812764660641
129.0812764660641
129.0812764660641
129.0812764660641
129.0812764660641
129.0812764660641
129.0812764660641
129.0812764660641
129.0812764660641
129.0812764660641
129.0812764660641
129.0812764660641
129.0812764660641
129.0812764660641
129.0812764660641
129.0812764660641
129.0812764660641
129.0812764660641
129.0812764660641
129.0812764660641
129.0812764660641
129.0812764660641
129.0812764660641
129.0812764660641
129.0812764660641
129.0812764660641
129.0812764660641
129.0812764660641
129.0812764660641
129.0812764660641
129.0812764660641
129.0812764660641
129.0812764660641
129.0812764660641
129.0812764660641
129.0812764660641
129.0812764660641
129.0812764660641
129.0812764660641
129.0812764660641
129.0812764660641
129.0812764660641
129.0812764660641
129.0812764660641
129.0812764660641
129.0812764660641
129.0812764660641
129.0812764660641
129.0812764660641
129.0812764660641
129.0812764660641
129.0812764660641
129.0812764660641
129.0812764660641
129.0812764660641
129.0812764660641
129.0812764660641
129.0812764660641
129.0812764660641
129.0812764660641
129.0812764660641
129.0812764660641
129.0812764660641
129.0812764660641
129.0812764660641
129.0812764660641
129.0812764660641
129.0812764660641
129.0812764660641
129.0812764660641
129.0812764660641
129.0812764660641
129.0812764660641
129.0812764660641
129.0812764660641
129.0812764660641
129.0812764660641
129.0812764660641
129.0812764660641
129.0812764660641
129.0812764660641
129.0812764660641
129.0812764660641
129.0812764660641
129.0812764660641
129.0812764660641
129.0812764660641
129.0812764660641
129.0812764660641
129.0812764660641
129.0812764660641
129.0812764660641
129.0812764660641
129.0812764660641
129.0812764660641
129.0812764660641
129.0812764660641
129.0812764660641
129.0812764660641
129.0812764660641
129.0812764660641
129.0812764660641
129.0812764660641
129.0812764660641
129.0812764660641
129.0812764660641
129.0812764660641
129.0812764660641
129.0812764660641
129.0812764660641
129.0812764660641
129.0812764660641
129.0812764660641
129.0812764660641
129.0812764660641
129.0812764660641
129.0812764660641
129.0812764660641
129.0812764660641
129.0812764660641
129.0812764660641
129.0812764660641
129.0812764660641
129.0812764660641
129.0812764660641
129.0812764660641
129.0812764660641
129.0812764660641
129.0812764660641
129.0812764660641
129.0812764660641
129.0812764660641
129.0812764660641
129.0812764660641
129.0812764660641
129.0812764660641
129.0812764660641
129.0812764660641
129.0812764660641
129.0812764660641
129.0812764660641
129.0812764660641
129.0812764660641
129.0812764660641
129.0812764660641
129.0812764660641
129.0812764660641
129.0812764660641
129.0812764660641
129.0812764660641
129.0812764660641
129.0812764660641
129.0812764660641
129.0812764660641
129.0812764660641
129.0812764660641
129.0812764660641
129.0812764660641
129.0812764660641
129.0812764660641
129.0812764660641
129.0812764660641
129.0812764660641
129.0812764660641
129.0812764660641
129.0812764660641
129.0812764660641
129.0812764660641
129.0812764660641
129.0812764660641
129.0812764660641
129.0812764660641
129.0812764660641
129.0812764660641
129.0812764660641
129.0812764660641
129.0812764660641
129.0812764660641
129.0812764660641
129.0812764660641
129.0812764660641
129.0812764660641
129.0812764660641
129.0812764660641
129.0812764660641
129.0812764660641
129.0812764660641
129.0812764660641
129.0812764660641
129.0812764660641
129.0812764660641
129.0812764660641
129.0812764660641
129.0812764660641
129.0812764660641
129.0812764660641
129.0812764660641
129.0812764660641
129.0812764660641
129.0812764660641
129.0812764660641
129.0812764660641
129.0812764660641
129.0812764660641
129.0812764660641
129.0812764660641
129.0812764660641
129.0812764660641
129.0812764660641
129.0812764660641
129.0812764660641
129.0812764660641
129.0812764660641
129.0812764660641
129.0812764660641
129.0812764660641
129.0812764660641
129.0812764660641
129.0812764660641
129.0812764660641
129.0812764660641
129.0812764660641
129.0812764660641
129.0812764660641
129.0812764660641
129.0812764660641
129.0812764660641
129.0812764660641
129.0812764660641
129.0812764660641
129.0812764660641
129.0812764660641
129.0812764660641
129.0812764660641
129.0812764660641
129.0812764660641
129.0812764660641
129.0812764660641
129.0812764660641
129.0812764660641
129.0812764660641
129.0812764660641
129.0812764660641
129.0812764660641
129.0812764660641
129.0812764660641
129.0812764660641
129.0812764660641
129.0812764660641
129.0812764660641
129.0812764660641
129.0812764660641
129.0812764660641
129.0812764660641
129.0812764660641
129.0812764660641
129.0812764660641
129.0812764660641
129.0812764660641
129.0812764660641
129.0812764660641
129.0812764660641
129.0812764660641
129.0812764660641
129.0812764660641
129.0812764660641
129.0812764660641
129.0812764660641
129.0812764660641
129.0812764660641
129.0812764660641
129.0812764660641
129.0812764660641
129.0812764660641
129.0812764660641
129.0812764660641
129.0812764660641
129.0812764660641
129.0812764660641
129.0812764660641
129.0812764660641
129.0812764660641
129.0812764660641
129.0812764660641
129.0812764660641
129.0812764660641
129.0812764660641
129.0812764660641
129.0812764660641
129.0812764660641
129.0812764660641
129.0812764660641
129.0812764660641
129.0812764660641
129.0812764660641
129.0812764660641
129.0812764660641
129.0812764660641
129.0812764660641
129.0812764660641
129.0812764660641
129.0812764660641
129.0812764660641
129.0812764660641
129.0812764660641
129.0812764660641
129.0812764660641
129.0812764660641
129.0812764660641
129.0812764660641
129.0812764660641
129.0812764660641
129.0812764660641
129.0812764660641
129.0812764660641
129.0812764660641
129.0812764660641
129.0812764660641
129.0812764660641
129.0812764660641
129.0812764660641
129.0812764660641
129.0812764660641
129.0812764660641
129.0812764660641
129.0812764660641
129.0812764660641
129.0812764660641
129.0812764660641
129.0812764660641
129.0812764660641
129.0812764660641
129.0812764660641
129.0812764660641
129.0812764660641
129.0812764660641
129.0812764660641
129.0812764660641
129.0812764660641
129.0812764660641
129.0812764660641
129.0812764660641
129.0812764660641
129.0812764660641
129.0812764660641
129.0812764660641
129.0812764660641
129.0812764660641
129.0812764660641
129.0812764660641
129.0812764660641
129.0812764660641
129.0812764660641
129.0812764660641
129.0812764660641
129.0812764660641
129.0812764660641
129.0812764660641
129.0812764660641
129.0812764660641
129.0812764660641
129.0812764660641
129.0812764660641
129.0812764660641
129.0812764660641
129.0812764660641
129.0812764660641
129.0812764660641
129.0812764660641
129.0812764660641
129.0812764660641
129.0812764660641
129.0812764660641
129.0812764660641
129.0812764660641
129.0812764660641
129.0812764660641
129.0812764660641
129.0812764660641
129.0812764660641
129.0812764660641
129.0812764660641
129.0812764660641
129.0812764660641
129.0812764660641
129.0812764660641
129.0812764660641
129.0812764660641
129.0812764660641
129.0812764660641
129.0812764660641
129.0812764660641
129.0812764660641
129.0812764660641
129.0812764660641
129.0812764660641
129.0812764660641
129.0812764660641
129.0812764660641
129.0812764660641
129.0812764660641
129.0812764660641
129.0812764660641
129.0812764660641
129.0812764660641
129.0812764660641
129.0812764660641
129.0812764660641
129.0812764660641
129.0812764660641
129.0812764660641
129.0812764660641
129.0812764660641
129.0812764660641
129.0812764660641
129.0812764660641
129.0812764660641
129.0812764660641
129.0812764660641
129.0812764660641
129.0812764660641
129.0812764660641
129.0812764660641
129.0812764660641
129.0812764660641
129.0812764660641
129.0812764660641
129.0812764660641
129.0812764660641
129.0812764660641
129.0812764660641
129.0812764660641
129.0812764660641
129.0812764660641
129.0812764660641
129.0812764660641
129.0812764660641
129.0812764660641
129.0812764660641
129.0812764660641
129.0812764660641
129.0812764660641
129.0812764660641
129.0812764660641
129.0812764660641
129.0812764660641
129.0812764660641
129.0812764660641
129.0812764660641
129.0812764660641
129.0812764660641
129.0812764660641
129.0812764660641
129.0812764660641
129.0812764660641
129.0812764660641
129.0812764660641
129.0812764660641
129.0812764660641
129.0812764660641
129.0812764660641
129.0812764660641
129.0812764660641
129.0812764660641
129.0812764660641
129.0812764660641
129.0812764660641
129.0812764660641
129.0812764660641
129.0812764660641
129.0812764660641
129.0812764660641
129.0812764660641
129.0812764660641
129.0812764660641
129.0812764660641
129.0812764660641
129.0812764660641
129.0812764660641
129.0812764660641
129.0812764660641
129.0812764660641
129.0812764660641
129.0812764660641
129.0812764660641
129.0812764660641
129.0812764660641
129.0812764660641
129.0812764660641
129.0812764660641
129.0812764660641
129.0812764660641
129.0812764660641
129.0812764660641
129.0812764660641
129.0812764660641
129.0812764660641
129.0812764660641
129.0812764660641
129.0812764660641
129.0812764660641
129.0812764660641
129.0812764660641
129.0812764660641
129.0812764660641
129.0812764660641
129.0812764660641
129.0812764660641
129.0812764660641
129.0812764660641
129.0812764660641
129.0812764660641
129.0812764660641
129.0812764660641
129.0812764660641
129.0812764660641
129.0812764660641
129.0812764660641
129.0812764660641
129.0812764660641
129.0812764660641
129.0812764660641
129.0812764660641
129.0812764660641
129.0812764660641
129.0812764660641
129.0812764660641
129.0812764660641
129.0812764660641
129.0812764660641
129.0812764660641
129.0812764660641
129.0812764660641
129.0812764660641
129.0812764660641
129.0812764660641
129.0812764660641
129.0812764660641
129.0812764660641
129.0812764660641
129.0812764660641
129.0812764660641
129.0812764660641
129.0812764660641
129.0812764660641
129.0812764660641
129.0812764660641
129.0812764660641
129.0812764660641
129.0812764660641
129.0812764660641
129.0812764660641
129.0812764660641
129.0812764660641
129.0812764660641
129.0812764660641
129.0812764660641
129.0812764660641
129.0812764660641
129.0812764660641
129.0812764660641
129.0812764660641
129.0812764660641
129.0812764660641
129.0812764660641
129.0812764660641
129.0812764660641
129.0812764660641
129.0812764660641
129.0812764660641
129.0812764660641
129.0812764660641
129.0812764660641
129.0812764660641
129.0812764660641
129.0812764660641
129.0812764660641
129.0812764660641
129.0812764660641
129.0812764660641
129.0812764660641
129.0812764660641
129.0812764660641
129.0812764660641
129.0812764660641
129.0812764660641
129.0812764660641
129.0812764660641
129.0812764660641
129.0812764660641
129.0812764660641
129.0812764660641
129.0812764660641
129.0812764660641
129.0812764660641
129.0812764660641
129.0812764660641
129.0812764660641
129.0812764660641
129.0812764660641
129.0812764660641
129.0812764660641
129.0812764660641
129.0812764660641
129.0812764660641
129.0812764660641
129.0812764660641
129.0812764660641
129.0812764660641
129.0812764660641
129.0812764660641
129.0812764660641
129.0812764660641
129.0812764660641
129.0812764660641
129.0812764660641
129.0812764660641
129.0812764660641
129.0812764660641
129.0812764660641
129.0812764660641
129.0812764660641
129.0812764660641
129.0812764660641
129.0812764660641
129.0812764660641
129.0812764660641
129.0812764660641
129.0812764660641
129.0812764660641
129.0812764660641
129.0812764660641
129.0812764660641
129.0812764660641
129.0812764660641
129.0812764660641
129.0812764660641
129.0812764660641
129.0812764660641
129.0812764660641
129.0812764660641
129.0812764660641
129.0812764660641
129.0812764660641
129.0812764660641
129.0812764660641
129.0812764660641
129.0812764660641
129.0812764660641
129.0812764660641
129.0812764660641
129.0812764660641
129.0812764660641
129.0812764660641
129.0812764660641
129.0812764660641
129.0812764660641
129.0812764660641
129.0812764660641
129.0812764660641
129.0812764660641
129.0812764660641
129.0812764660641
129.0812764660641
129.0812764660641
129.0812764660641
129.0812764660641
129.0812764660641
129.0812764660641
129.0812764660641
129.0812764660641
129.0812764660641
129.0812764660641
129.0812764660641
129.0812764660641
129.0812764660641
129.0812764660641
129.0812764660641
129.0812764660641
129.0812764660641
129.0812764660641
129.0812764660641
129.0812764660641
129.0812764660641
129.0812764660641
129.0812764660641
129.0812764660641
129.0812764660641
129.0812764660641
129.0812764660641
129.0812764660641
129.0812764660641
129.0812764660641
129.0812764660641
129.0812764660641
129.0812764660641
129.0812764660641
129.0812764660641
129.0812764660641
129.0812764660641
129.0812764660641
129.0812764660641
129.0812764660641
129.0812764660641
129.0812764660641
129.0812764660641
129.0812764660641
129.0812764660641
129.0812764660641
129.0812764660641
129.0812764660641
129.0812764660641
129.0812764660641
129.0812764660641
129.0812764660641
129.0812764660641
129.0812764660641
129.0812764660641
129.0812764660641
129.0812764660641
129.0812764660641
129.0812764660641
129.0812764660641
129.0812764660641
129.0812764660641
129.0812764660641
129.0812764660641
129.0812764660641
129.0812764660641
129.0812764660641
129.0812764660641
129.0812764660641
129.0812764660641
129.0812764660641
129.0812764660641
129.0812764660641
129.0812764660641
129.0812764660641
129.0812764660641
129.0812764660641
129.0812764660641
129.0812764660641
129.0812764660641
129.0812764660641
129.0812764660641
129.0812764660641
129.0812764660641
129.0812764660641
129.0812764660641
129.0812764660641
129.0812764660641
129.0812764660641
129.0812764660641
129.0812764660641
129.0812764660641
129.0812764660641
129.0812764660641
129.0812764660641
129.0812764660641
129.0812764660641
129.0812764660641
129.0812764660641
129.0812764660641
129.0812764660641
129.0812764660641
129.0812764660641
129.0812764660641
129.0812764660641
129.0812764660641
129.0812764660641
129.0812764660641
129.0812764660641
129.0812764660641
129.0812764660641
129.0812764660641
129.0812764660641
129.0812764660641
129.0812764660641
129.0812764660641
129.0812764660641
129.0812764660641
129.0812764660641
129.0812764660641
129.0812764660641
129.0812764660641
129.0812764660641
129.0812764660641
129.0812764660641
129.0812764660641
129.0812764660641
129.0812764660641
129.0812764660641
129.0812764660641
129.0812764660641
129.0812764660641
129.0812764660641
129.0812764660641
129.0812764660641
129.0812764660641
129.0812764660641
129.0812764660641
129.0812764660641
129.0812764660641
129.0812764660641
129.0812764660641
129.0812764660641
129.0812764660641
129.0812764660641
129.0812764660641
129.0812764660641
129.0812764660641
129.0812764660641
129.0812764660641
129.0812764660641
129.0812764660641
129.0812764660641
129.0812764660641
129.0812764660641
129.0812764660641
129.0812764660641
129.0812764660641
129.0812764660641
129.0812764660641
129.0812764660641
129.0812764660641
129.0812764660641
129.0812764660641
129.0812764660641
129.0812764660641
129.0812764660641
129.0812764660641
129.0812764660641
129.0812764660641
129.0812764660641
129.0812764660641
129.0812764660641
129.0812764660641
129.0812764660641
129.0812764660641
129.0812764660641
129.0812764660641
129.0812764660641
129.0812764660641
129.0812764660641
129.0812764660641
129.0812764660641
129.0812764660641
129.0812764660641
129.0812764660641
129.0812764660641
129.0812764660641
129.0812764660641
129.0812764660641
129.0812764660641
129.0812764660641
129.0812764660641
129.0812764660641
129.0812764660641
129.0812764660641
129.0812764660641
129.0812764660641
129.0812764660641
129.0812764660641
129.0812764660641
129.0812764660641
129.0812764660641
129.0812764660641
129.0812764660641
129.0812764660641
129.0812764660641
129.0812764660641
129.0812764660641
129.0812764660641
129.0812764660641
129.0812764660641
129.0812764660641
129.0812764660641
129.0812764660641
129.0812764660641
129.0812764660641
129.0812764660641
129.0812764660641
129.0812764660641
129.0812764660641
129.0812764660641
129.0812764660641
129.0812764660641
129.0812764660641
129.0812764660641
129.0812764660641
129.0812764660641
129.0812764660641
129.0812764660641
129.0812764660641
129.0812764660641
129.0812764660641
129.0812764660641
129.0812764660641
129.0812764660641
129.0812764660641
129.0812764660641
129.0812764660641
129.0812764660641
129.0812764660641
129.0812764660641
129.0812764660641
129.0812764660641
129.0812764660641
129.0812764660641
129.0812764660641
129.0812764660641
129.0812764660641
129.0812764660641
129.0812764660641
129.0812764660641
129.0812764660641
129.0812764660641
129.0812764660641
129.0812764660641
129.0812764660641
129.0812764660641
129.0812764660641
129.0812764660641
129.0812764660641
129.0812764660641
129.0812764660641
129.0812764660641
129.0812764660641
129.0812764660641
129.0812764660641
129.0812764660641
129.0812764660641
129.0812764660641
129.0812764660641
129.0812764660641
129.0812764660641
129.0812764660641
129.0812764660641
129.0812764660641
129.0812764660641
129.0812764660641
129.0812764660641
129.0812764660641
129.0812764660641
129.0812764660641
129.0812764660641
129.0812764660641
129.0812764660641
129.0812764660641
129.0812764660641
129.0812764660641
129.0812764660641
129.0812764660641
129.0812764660641
129.0812764660641
129.0812764660641
129.0812764660641
129.0812764660641
129.0812764660641
129.0812764660641
129.0812764660641
129.0812764660641
129.0812764660641
129.0812764660641
129.0812764660641
129.0812764660641
129.0812764660641
129.0812764660641
129.0812764660641
129.0812764660641
129.0812764660641
129.0812764660641
129.0812764660641
129.0812764660641
129.0812764660641
129.0812764660641
129.0812764660641
129.0812764660641
129.0812764660641
129.0812764660641
129.0812764660641
129.0812764660641
129.0812764660641
129.0812764660641
129.0812764660641
129.0812764660641
129.0812764660641
129.0812764660641
129.0812764660641
129.0812764660641
129.0812764660641
129.0812764660641
129.0812764660641
129.0812764660641
129.0812764660641
129.0812764660641
129.0812764660641
129.0812764660641
129.0812764660641
129.0812764660641
129.0812764660641
129.0812764660641
129.0812764660641
129.0812764660641
129.0812764660641
129.0812764660641
129.0812764660641
129.0812764660641
129.0812764660641
129.0812764660641
129.0812764660641
129.0812764660641
129.0812764660641
129.0812764660641
129.0812764660641
129.0812764660641
129.0812764660641
129.0812764660641
129.0812764660641
129.0812764660641
129.0812764660641
129.0812764660641
129.0812764660641
129.0812764660641
129.0812764660641
129.0812764660641
129.0812764660641
129.0812764660641
129.0812764660641
129.0812764660641
129.0812764660641
129.0812764660641
129.0812764660641
129.0812764660641
129.0812764660641
129.0812764660641
129.0812764660641
129.0812764660641
129.0812764660641
129.0812764660641
129.0812764660641
129.0812764660641
129.0812764660641
129.0812764660641
129.0812764660641
129.0812764660641
129.0812764660641
129.0812764660641
129.0812764660641
129.0812764660641
129.0812764660641
129.0812764660641
129.0812764660641
129.0812764660641
129.0812764660641
129.0812764660641
129.0812764660641
129.0812764660641
129.0812764660641
129.0812764660641
129.0812764660641
129.0812764660641
129.0812764660641
129.0812764660641
129.0812764660641
129.0812764660641
129.0812764660641
129.0812764660641
129.0812764660641
129.0812764660641
129.0812764660641
129.0812764660641
129.0812764660641
129.0812764660641
129.0812764660641
129.0812764660641
129.0812764660641
129.0812764660641
129.0812764660641
129.0812764660641
129.0812764660641
129.0812764660641
129.0812764660641
129.0812764660641
129.0812764660641
129.0812764660641
129.0812764660641
129.0812764660641
129.0812764660641
129.0812764660641
129.0812764660641
129.0812764660641
129.0812764660641
129.0812764660641
129.0812764660641
129.0812764660641
129.0812764660641
129.0812764660641
129.0812764660641
129.0812764660641
129.0812764660641
129.0812764660641
129.0812764660641
129.0812764660641
129.0812764660641
129.0812764660641
129.0812764660641
129.0812764660641
129.0812764660641
129.0812764660641
129.0812764660641
129.0812764660641
129.0812764660641
129.0812764660641
129.0812764660641
129.0812764660641
129.0812764660641
129.0812764660641
129.0812764660641
129.0812764660641
129.0812764660641
129.0812764660641
129.0812764660641
129.0812764660641
129.0812764660641
129.0812764660641
129.0812764660641
129.0812764660641
129.0812764660641
129.0812764660641
129.0812764660641
129.0812764660641
129.0812764660641
129.0812764660641
129.0812764660641
129.0812764660641
129.0812764660641
129.0812764660641
129.0812764660641
129.0812764660641
129.0812764660641
129.0812764660641
129.0812764660641
129.0812764660641
129.0812764660641
129.0812764660641
129.0812764660641
129.0812764660641
129.0812764660641
129.0812764660641
129.0812764660641
129.0812764660641
129.0812764660641
129.0812764660641
129.0812764660641
129.0812764660641
129.0812764660641
129.0812764660641
129.0812764660641
129.0812764660641
129.0812764660641
129.0812764660641
129.0812764660641
129.0812764660641
129.0812764660641
129.0812764660641
129.0812764660641
129.0812764660641
129.0812764660641
129.0812764660641
129.0812764660641
129.0812764660641
129.0812764660641
129.0812764660641
129.0812764660641
129.0812764660641
129.0812764660641
129.0812764660641
129.0812764660641
129.0812764660641
129.0812764660641
129.0812764660641
129.0812764660641
129.0812764660641
129.0812764660641
129.0812764660641
129.0812764660641
129.0812764660641
129.0812764660641
129.0812764660641
129.0812764660641
129.0812764660641
129.0812764660641
129.0812764660641
129.0812764660641
129.0812764660641
129.0812764660641
129.0812764660641
129.0812764660641
129.0812764660641
129.0812764660641
129.0812764660641
129.0812764660641
129.0812764660641
129.0812764660641
129.0812764660641
129.0812764660641
129.0812764660641
129.0812764660641
129.0812764660641
129.0812764660641
129.0812764660641
129.0812764660641
129.0812764660641
129.0812764660641
129.0812764660641
129.0812764660641
129.0812764660641
129.0812764660641
129.0812764660641
129.0812764660641
129.0812764660641
129.0812764660641
129.0812764660641
129.0812764660641
129.0812764660641
129.0812764660641
129.0812764660641
129.0812764660641
129.0812764660641
129.0812764660641
129.0812764660641
129.0812764660641
129.0812764660641
129.0812764660641
129.0812764660641
129.0812764660641
129.0812764660641
129.0812764660641
129.0812764660641
129.0812764660641
129.0812764660641
129.0812764660641
129.0812764660641
129.0812764660641
129.0812764660641
129.0812764660641
129.0812764660641
129.0812764660641
129.0812764660641
129.0812764660641
129.0812764660641
129.0812764660641
129.0812764660641
129.0812764660641
129.0812764660641
129.0812764660641
129.0812764660641
129.0812764660641
129.0812764660641
129.0812764660641
129.0812764660641
129.0812764660641
129.0812764660641
129.0812764660641
129.0812764660641
129.0812764660641
129.0812764660641
129.0812764660641
129.0812764660641
129.0812764660641
129.0812764660641
129.0812764660641
129.0812764660641
129.0812764660641
129.0812764660641
129.0812764660641
129.0812764660641
129.0812764660641
129.0812764660641
129.0812764660641
129.0812764660641
129.0812764660641
129.0812764660641
129.0812764660641
129.0812764660641
129.0812764660641
129.0812764660641
129.0812764660641
129.0812764660641
129.0812764660641
129.0812764660641
129.0812764660641
129.0812764660641
129.0812764660641
129.0812764660641
129.0812764660641
129.0812764660641
129.0812764660641
129.0812764660641
129.0812764660641
129.0812764660641
129.0812764660641
129.0812764660641
129.0812764660641
129.0812764660641
129.0812764660641
129.0812764660641
129.0812764660641
129.0812764660641
129.0812764660641
129.0812764660641
129.0812764660641
129.0812764660641
129.0812764660641
129.0812764660641
129.0812764660641
129.0812764660641
129.0812764660641
129.0812764660641
129.0812764660641
129.0812764660641
129.0812764660641
129.0812764660641
129.0812764660641
129.0812764660641
129.0812764660641
129.0812764660641
129.0812764660641
129.0812764660641
129.0812764660641
129.0812764660641
129.0812764660641
129.0812764660641
129.0812764660641
129.0812764660641
129.0812764660641
129.0812764660641
129.0812764660641
129.0812764660641
129.0812764660641
129.0812764660641
129.0812764660641
129.0812764660641
129.0812764660641
129.0812764660641
129.0812764660641
129.0812764660641
129.0812764660641
129.0812764660641
129.0812764660641
129.0812764660641
129.0812764660641
129.0812764660641
129.0812764660641
129.0812764660641
129.0812764660641
129.0812764660641
129.0812764660641
129.0812764660641
129.0812764660641
129.0812764660641
129.0812764660641
129.0812764660641
129.0812764660641
129.0812764660641
129.0812764660641
129.0812764660641
129.0812764660641
129.0812764660641
129.0812764660641
129.0812764660641
129.0812764660641
129.0812764660641
129.0812764660641
129.0812764660641
129.0812764660641
129.0812764660641
129.0812764660641
129.0812764660641
129.0812764660641
129.0812764660641
129.0812764660641
129.0812764660641
129.0812764660641
129.0812764660641
129.0812764660641
129.0812764660641
129.0812764660641
129.0812764660641
129.0812764660641
129.0812764660641
129.0812764660641
129.0812764660641
129.0812764660641
129.0812764660641
129.0812764660641
129.0812764660641
129.0812764660641
129.0812764660641
129.0812764660641
129.0812764660641
129.0812764660641
129.0812764660641
129.0812764660641
129.0812764660641
129.0812764660641
129.0812764660641
129.0812764660641
129.0812764660641
129.0812764660641
129.0812764660641
129.0812764660641
129.0812764660641
129.0812764660641
129.0812764660641
129.0812764660641
129.0812764660641
129.0812764660641
129.0812764660641
129.0812764660641
129.0812764660641
129.0812764660641
129.0812764660641
129.0812764660641
129.0812764660641
129.0812764660641
129.0812764660641
129.0812764660641
129.0812764660641
129.0812764660641
129.0812764660641
129.0812764660641
129.0812764660641
129.0812764660641
129.0812764660641
129.0812764660641
129.0812764660641
129.0812764660641
129.0812764660641
129.0812764660641
129.0812764660641
129.0812764660641
129.0812764660641
129.0812764660641
129.0812764660641
129.0812764660641
129.0812764660641
129.0812764660641
129.0812764660641
129.0812764660641
129.0812764660641
129.0812764660641
129.0812764660641
129.0812764660641
129.0812764660641
129.0812764660641
129.0812764660641
129.0812764660641
129.0812764660641
129.0812764660641
129.0812764660641
129.0812764660641
129.0812764660641
129.0812764660641
129.0812764660641
129.0812764660641
129.0812764660641
129.0812764660641
129.0812764660641
129.0812764660641
129.0812764660641
129.0812764660641
129.0812764660641
129.0812764660641
129.0812764660641
129.0812764660641
129.0812764660641
129.0812764660641
129.0812764660641
129.0812764660641
129.0812764660641
129.0812764660641
129.0812764660641
129.0812764660641
129.0812764660641
129.0812764660641
129.0812764660641
129.0812764660641
129.0812764660641
129.0812764660641
129.0812764660641
129.0812764660641
129.0812764660641
129.0812764660641
129.0812764660641
129.0812764660641
129.0812764660641
129.0812764660641
129.0812764660641
129.0812764660641
129.0812764660641
129.0812764660641
129.0812764660641
129.0812764660641
129.0812764660641
129.0812764660641
129.0812764660641
129.0812764660641
129.0812764660641
129.0812764660641
129.0812764660641
129.0812764660641
129.0812764660641
129.0812764660641
129.0812764660641
129.0812764660641
129.0812764660641
129.0812764660641
129.0812764660641
129.0812764660641
129.0812764660641
129.0812764660641
129.0812764660641
129.0812764660641
129.0812764660641
129.0812764660641
129.0812764660641
129.0812764660641
129.0812764660641
129.0812764660641
129.0812764660641
129.0812764660641
129.0812764660641
129.0812764660641
129.0812764660641
129.0812764660641
129.0812764660641
129.0812764660641
129.0812764660641
129.0812764660641
129.0812764660641
129.0812764660641
129.0812764660641
129.0812764660641
129.0812764660641
129.0812764660641
129.0812764660641
129.0812764660641
129.0812764660641
129.0812764660641
129.0812764660641
129.0812764660641
129.0812764660641
129.0812764660641
129.0812764660641
129.0812764660641
129.0812764660641
129.0812764660641
129.0812764660641
129.0812764660641
129.0812764660641
129.0812764660641
129.0812764660641
129.0812764660641
129.0812764660641
129.0812764660641
129.0812764660641
129.0812764660641
129.0812764660641
129.0812764660641
129.0812764660641
129.0812764660641
129.0812764660641
129.0812764660641
129.0812764660641
129.0812764660641
129.0812764660641
129.0812764660641
129.0812764660641
129.0812764660641
129.0812764660641
129.0812764660641
129.0812764660641
129.0812764660641
129.0812764660641
129.0812764660641
129.0812764660641
129.0812764660641
129.0812764660641
129.0812764660641
129.0812764660641
129.0812764660641
129.0812764660641
129.0812764660641
129.0812764660641
129.0812764660641
129.0812764660641
129.0812764660641
129.0812764660641
129.0812764660641
129.0812764660641
129.0812764660641
129.0812764660641
129.0812764660641
129.0812764660641
129.0812764660641
129.0812764660641
129.0812764660641
129.0812764660641
129.0812764660641
129.0812764660641
129.0812764660641
129.0812764660641
129.0812764660641
129.0812764660641
129.0812764660641
129.0812764660641
129.0812764660641
129.0812764660641
129.0812764660641
129.0812764660641
129.0812764660641
129.0812764660641
129.0812764660641
129.0812764660641
129.0812764660641
129.0812764660641
129.0812764660641
129.0812764660641
129.0812764660641
129.0812764660641
129.0812764660641
129.0812764660641
129.0812764660641
129.0812764660641
129.0812764660641
129.0812764660641
129.0812764660641
129.0812764660641
129.0812764660641
129.0812764660641
129.0812764660641
129.0812764660641
129.0812764660641
129.0812764660641
129.0812764660641
129.0812764660641
129.0812764660641
129.0812764660641
129.0812764660641
129.0812764660641
129.0812764660641
129.0812764660641
129.0812764660641
129.0812764660641
129.0812764660641
129.0812764660641
129.0812764660641
129.0812764660641
129.0812764660641
129.0812764660641
129.0812764660641
129.0812764660641
129.0812764660641
129.0812764660641
129.0812764660641
129.0812764660641
129.0812764660641
129.0812764660641
129.0812764660641
129.0812764660641
129.0812764660641
129.0812764660641
129.0812764660641
129.0812764660641
129.0812764660641
129.0812764660641
129.0812764660641
129.0812764660641
129.0812764660641
129.0812764660641
129.0812764660641
129.0812764660641
129.0812764660641
129.0812764660641
129.0812764660641
129.0812764660641
129.0812764660641
129.0812764660641
129.0812764660641
129.0812764660641
129.0812764660641
129.0812764660641
129.0812764660641
129.0812764660641
129.0812764660641
129.0812764660641
129.0812764660641
129.0812764660641
129.0812764660641
129.0812764660641
129.0812764660641
129.0812764660641
129.0812764660641
129.0812764660641
129.0812764660641
129.0812764660641
129.0812764660641
129.0812764660641
129.0812764660641
129.0812764660641
129.0812764660641
129.0812764660641
129.0812764660641
129.0812764660641
129.0812764660641
129.0812764660641
129.0812764660641
129.0812764660641
129.0812764660641
129.0812764660641
129.0812764660641
129.0812764660641
129.0812764660641
129.0812764660641
129.0812764660641
129.0812764660641
129.0812764660641
129.0812764660641
129.0812764660641
129.0812764660641
129.0812764660641
129.0812764660641
129.0812764660641
129.0812764660641
129.0812764660641
129.0812764660641
129.0812764660641
129.0812764660641
129.0812764660641
129.0812764660641
129.0812764660641
129.0812764660641
129.0812764660641
129.0812764660641
129.0812764660641
129.0812764660641
129.0812764660641
129.0812764660641
129.0812764660641
129.0812764660641
129.0812764660641
129.0812764660641
129.0812764660641
129.0812764660641
129.0812764660641
129.0812764660641
129.0812764660641
129.0812764660641
129.0812764660641
129.0812764660641
129.0812764660641
129.0812764660641
129.0812764660641
129.0812764660641
129.0812764660641
129.0812764660641
129.0812764660641
129.0812764660641
129.0812764660641
129.0812764660641
129.0812764660641
129.0812764660641
129.0812764660641
129.0812764660641
129.0812764660641
129.0812764660641
129.0812764660641
129.0812764660641
129.0812764660641
129.0812764660641
129.0812764660641
129.0812764660641
129.0812764660641
129.0812764660641
129.0812764660641
129.0812764660641
129.0812764660641
129.0812764660641
129.0812764660641
129.0812764660641
129.0812764660641
129.0812764660641
129.0812764660641
129.0812764660641
129.0812764660641
129.0812764660641
129.0812764660641
129.0812764660641
129.0812764660641
129.0812764660641
129.0812764660641
129.0812764660641
129.0812764660641
129.0812764660641
129.0812764660641
129.0812764660641
129.0812764660641
129.0812764660641
129.0812764660641
129.0812764660641
129.0812764660641
129.0812764660641
129.0812764660641
129.0812764660641
129.0812764660641
129.0812764660641
129.0812764660641
129.0812764660641
129.0812764660641
129.0812764660641
129.0812764660641
129.0812764660641
129.0812764660641
129.0812764660641
129.0812764660641
129.0812764660641
129.0812764660641
129.0812764660641
129.0812764660641
129.0812764660641
129.0812764660641
129.0812764660641
129.0812764660641
129.0812764660641
129.0812764660641
129.0812764660641
129.0812764660641
129.0812764660641
129.0812764660641
129.0812764660641
129.0812764660641
129.0812764660641
129.0812764660641
129.0812764660641
129.0812764660641
129.0812764660641
129.0812764660641
129.0812764660641
129.0812764660641
129.0812764660641
129.0812764660641
129.0812764660641
129.0812764660641
129.0812764660641
129.0812764660641
129.0812764660641
129.0812764660641
129.0812764660641
129.0812764660641
129.0812764660641
129.0812764660641
129.0812764660641
129.0812764660641
129.0812764660641
129.0812764660641
129.0812764660641
129.0812764660641
129.0812764660641
129.0812764660641
129.0812764660641
129.0812764660641
129.0812764660641
129.0812764660641
129.0812764660641
129.0812764660641
129.0812764660641
129.0812764660641
129.0812764660641
129.0812764660641
129.0812764660641
129.0812764660641
129.0812764660641
129.0812764660641
129.0812764660641
129.0812764660641
129.0812764660641
129.0812764660641
129.0812764660641
129.0812764660641
129.0812764660641
129.0812764660641
129.0812764660641
129.0812764660641
129.0812764660641
129.0812764660641
129.0812764660641
129.0812764660641
129.0812764660641
129.0812764660641
129.0812764660641
129.0812764660641
129.0812764660641
129.0812764660641
129.0812764660641
129.0812764660641
129.0812764660641
129.0812764660641
129.0812764660641
129.0812764660641
129.0812764660641
129.0812764660641
129.0812764660641
129.0812764660641
129.0812764660641
129.0812764660641
129.0812764660641
129.0812764660641
129.0812764660641
129.0812764660641
129.0812764660641
129.0812764660641
129.0812764660641
129.0812764660641
129.0812764660641
129.0812764660641
129.0812764660641
129.0812764660641
129.0812764660641
129.0812764660641
129.0812764660641
129.0812764660641
129.0812764660641
129.0812764660641
129.0812764660641
129.0812764660641
129.0812764660641
129.0812764660641
129.0812764660641
129.0812764660641
129.0812764660641
129.0812764660641
129.0812764660641
129.0812764660641
129.0812764660641
129.0812764660641
129.0812764660641
129.0812764660641
129.0812764660641
129.0812764660641
129.0812764660641
129.0812764660641
129.0812764660641
129.0812764660641
129.0812764660641
129.0812764660641
129.0812764660641
129.0812764660641
129.0812764660641
129.0812764660641
129.0812764660641
129.0812764660641
129.0812764660641
129.0812764660641
129.0812764660641
129.0812764660641
129.0812764660641
129.0812764660641
129.0812764660641
129.0812764660641
129.0812764660641
129.0812764660641
129.0812764660641
129.0812764660641
129.0812764660641
129.0812764660641
129.0812764660641
129.0812764660641
129.0812764660641
129.0812764660641
129.0812764660641
129.0812764660641
129.0812764660641
129.0812764660641
129.0812764660641
129.0812764660641
129.0812764660641
129.0812764660641
129.0812764660641
129.0812764660641
129.0812764660641
129.0812764660641
129.0812764660641
129.0812764660641
129.0812764660641
129.0812764660641
129.0812764660641
129.0812764660641
129.0812764660641
129.0812764660641
129.0812764660641
129.0812764660641
129.0812764660641
129.0812764660641
129.0812764660641
129.0812764660641
129.0812764660641
129.0812764660641
129.0812764660641
129.0812764660641
129.0812764660641
129.0812764660641
129.0812764660641
129.0812764660641
129.0812764660641
129.0812764660641
129.0812764660641
129.0812764660641
129.0812764660641
129.0812764660641
129.0812764660641
129.0812764660641
129.0812764660641
129.0812764660641
129.0812764660641
129.0812764660641
129.0812764660641
129.0812764660641
129.0812764660641
129.0812764660641
129.0812764660641
129.0812764660641
129.0812764660641
129.0812764660641
129.0812764660641
129.0812764660641
129.0812764660641
129.0812764660641
129.0812764660641
129.0812764660641
129.0812764660641
129.0812764660641
129.0812764660641
129.0812764660641
129.0812764660641
129.0812764660641
129.0812764660641
129.0812764660641
129.0812764660641
129.0812764660641
129.0812764660641
129.0812764660641
129.0812764660641
129.0812764660641
129.0812764660641
129.0812764660641
129.0812764660641
129.0812764660641
129.0812764660641
129.0812764660641
129.0812764660641
129.0812764660641
129.0812764660641
129.0812764660641
129.0812764660641
129.0812764660641
129.0812764660641
129.0812764660641
129.0812764660641
129.0812764660641
129.0812764660641
129.0812764660641
129.0812764660641
129.0812764660641
129.0812764660641
129.0812764660641
129.0812764660641
129.0812764660641
129.0812764660641
129.0812764660641
129.0812764660641
129.0812764660641
129.0812764660641
129.0812764660641
129.0812764660641
129.0812764660641
129.0812764660641
129.0812764660641
129.0812764660641
129.0812764660641
129.0812764660641
129.0812764660641
129.0812764660641
129.0812764660641
129.0812764660641
129.0812764660641
129.0812764660641
129.0812764660641
129.0812764660641
129.0812764660641
129.0812764660641
129.0812764660641
129.0812764660641
129.0812764660641
129.0812764660641
129.0812764660641
129.0812764660641
129.0812764660641
129.0812764660641
129.0812764660641
129.0812764660641
129.0812764660641
129.0812764660641
129.0812764660641
129.0812764660641
129.0812764660641
129.0812764660641
129.0812764660641
129.0812764660641
129.0812764660641
129.0812764660641
129.0812764660641
129.0812764660641
129.0812764660641
129.0812764660641
129.0812764660641
129.0812764660641
129.0812764660641
129.0812764660641
129.0812764660641
129.0812764660641
129.0812764660641
129.0812764660641
129.0812764660641
129.0812764660641
129.0812764660641
129.0812764660641
129.0812764660641
129.0812764660641
129.0812764660641
129.0812764660641
129.0812764660641
129.0812764660641
129.0812764660641
129.0812764660641
129.0812764660641
129.0812764660641
129.0812764660641
129.0812764660641
129.0812764660641
129.0812764660641
129.0812764660641
129.0812764660641
129.0812764660641
129.0812764660641
129.0812764660641
129.0812764660641
129.0812764660641
129.0812764660641
129.0812764660641
129.0812764660641
129.0812764660641
129.0812764660641
129.0812764660641
129.0812764660641
129.0812764660641
129.0812764660641
129.0812764660641
129.0812764660641
129.0812764660641
129.0812764660641
129.0812764660641
129.0812764660641
129.0812764660641
129.0812764660641
129.0812764660641
129.0812764660641
129.0812764660641
129.0812764660641
129.0812764660641
129.0812764660641
129.0812764660641
129.0812764660641
129.0812764660641
129.0812764660641
129.0812764660641
129.0812764660641
129.0812764660641
129.0812764660641
129.0812764660641
129.0812764660641
129.0812764660641
129.0812764660641
129.0812764660641
129.0812764660641
129.0812764660641
129.0812764660641
129.0812764660641
129.0812764660641
129.0812764660641
129.0812764660641
129.0812764660641
129.0812764660641
129.0812764660641
129.0812764660641
129.0812764660641
129.0812764660641
129.0812764660641
129.0812764660641
129.0812764660641
129.0812764660641
129.0812764660641
129.0812764660641
129.0812764660641
129.0812764660641
129.0812764660641
129.0812764660641
129.0812764660641
129.0812764660641
129.0812764660641
129.0812764660641
129.0812764660641
129.0812764660641
129.0812764660641
129.0812764660641
129.0812764660641
129.0812764660641
129.0812764660641
129.0812764660641
129.0812764660641
129.0812764660641
129.0812764660641
129.0812764660641
129.0812764660641
129.0812764660641
129.0812764660641
129.0812764660641
129.0812764660641
129.0812764660641
129.0812764660641
129.0812764660641
129.0812764660641
129.0812764660641
129.0812764660641
129.0812764660641
129.0812764660641
129.0812764660641
129.0812764660641
129.0812764660641
129.0812764660641
129.0812764660641
129.0812764660641
129.0812764660641
129.0812764660641
129.0812764660641
129.0812764660641
129.0812764660641
129.0812764660641
129.0812764660641
129.0812764660641
129.0812764660641
129.0812764660641
129.0812764660641
129.0812764660641
129.0812764660641
129.0812764660641
129.0812764660641
129.0812764660641
129.0812764660641
129.0812764660641
129.0812764660641
129.0812764660641
129.0812764660641
129.0812764660641
129.0812764660641
129.0812764660641
129.0812764660641
129.0812764660641
129.0812764660641
129.0812764660641
129.0812764660641
129.0812764660641
129.0812764660641
129.0812764660641
129.0812764660641
129.0812764660641
129.0812764660641
129.0812764660641
129.0812764660641
129.0812764660641
129.0812764660641
129.0812764660641
129.0812764660641
129.0812764660641
129.0812764660641
129.0812764660641
129.0812764660641
129.0812764660641
129.0812764660641
129.0812764660641
129.0812764660641
129.0812764660641
129.0812764660641
129.0812764660641
129.0812764660641
129.0812764660641
129.0812764660641
129.0812764660641
129.0812764660641
129.0812764660641
129.0812764660641
129.0812764660641
129.0812764660641
129.0812764660641
129.0812764660641
129.0812764660641
129.0812764660641
129.0812764660641
129.0812764660641
129.0812764660641
129.0812764660641
129.0812764660641
129.0812764660641
129.0812764660641
129.0812764660641
129.0812764660641
129.0812764660641
129.0812764660641
129.0812764660641
129.0812764660641
129.0812764660641
129.0812764660641
129.0812764660641
129.0812764660641
129.0812764660641
129.0812764660641
129.0812764660641
129.0812764660641
129.0812764660641
129.0812764660641
129.0812764660641
129.0812764660641
129.0812764660641
129.0812764660641
129.0812764660641
129.0812764660641
129.0812764660641
129.0812764660641
129.0812764660641
129.0812764660641
129.0812764660641
129.0812764660641
129.0812764660641
129.0812764660641
129.0812764660641
129.0812764660641
129.0812764660641
129.0812764660641
129.0812764660641
129.0812764660641
129.0812764660641
129.0812764660641
129.0812764660641
129.0812764660641
129.0812764660641
129.0812764660641
129.0812764660641
129.0812764660641
129.0812764660641
129.0812764660641
129.0812764660641
129.0812764660641
129.0812764660641
129.0812764660641
129.0812764660641
129.0812764660641
129.0812764660641
129.0812764660641
129.0812764660641
129.0812764660641
129.0812764660641
129.0812764660641
129.0812764660641
129.0812764660641
129.0812764660641
129.0812764660641
129.0812764660641
129.0812764660641
129.0812764660641
129.0812764660641
129.0812764660641
129.0812764660641
129.0812764660641
129.0812764660641
129.0812764660641
129.0812764660641
129.0812764660641
129.0812764660641
129.0812764660641
129.0812764660641
129.0812764660641
129.0812764660641
129.0812764660641
129.0812764660641
129.0812764660641
129.0812764660641
129.0812764660641
129.0812764660641
129.0812764660641
129.0812764660641
129.0812764660641
129.0812764660641
129.0812764660641
129.0812764660641
129.0812764660641
129.0812764660641
129.0812764660641
129.0812764660641
129.0812764660641
129.0812764660641
129.0812764660641
129.0812764660641
129.0812764660641
129.0812764660641
129.0812764660641
129.0812764660641
129.0812764660641
129.0812764660641
129.0812764660641
129.0812764660641
129.0812764660641
129.0812764660641
129.0812764660641
129.0812764660641
129.0812764660641
129.0812764660641
129.0812764660641
129.0812764660641
129.0812764660641
129.0812764660641
129.0812764660641
129.0812764660641
129.0812764660641
129.0812764660641
129.0812764660641
129.0812764660641
129.0812764660641
129.0812764660641
129.0812764660641
129.0812764660641
129.0812764660641
129.0812764660641
129.0812764660641
129.0812764660641
129.0812764660641
129.0812764660641
129.0812764660641
129.0812764660641
129.0812764660641
129.0812764660641
129.0812764660641
129.0812764660641
129.0812764660641
129.0812764660641
129.0812764660641
129.0812764660641
129.0812764660641
129.0812764660641
129.0812764660641
129.0812764660641
129.0812764660641
129.0812764660641
129.0812764660641
129.0812764660641
129.0812764660641
129.0812764660641
129.0812764660641
129.0812764660641
129.0812764660641
129.0812764660641
129.0812764660641
129.0812764660641
129.0812764660641
129.0812764660641
129.0812764660641
129.0812764660641
129.0812764660641
129.0812764660641
129.0812764660641
129.0812764660641
129.0812764660641
129.0812764660641
129.0812764660641
129.0812764660641
129.0812764660641
129.0812764660641
129.0812764660641
129.0812764660641
129.0812764660641
129.0812764660641
129.0812764660641
129.0812764660641
129.0812764660641
129.0812764660641
129.0812764660641
129.0812764660641
129.0812764660641
129.0812764660641
129.0812764660641
129.0812764660641
129.0812764660641
129.0812764660641
129.0812764660641
129.0812764660641
129.0812764660641
129.0812764660641
129.0812764660641
129.0812764660641
129.0812764660641
129.0812764660641
129.0812764660641
129.0812764660641
129.0812764660641
129.0812764660641
129.0812764660641
129.0812764660641
129.0812764660641
129.0812764660641
129.0812764660641
129.0812764660641
129.0812764660641
129.0812764660641
129.0812764660641
129.0812764660641
129.0812764660641
129.0812764660641
129.0812764660641
129.0812764660641
129.0812764660641
129.0812764660641
129.0812764660641
129.0812764660641
129.0812764660641
129.0812764660641
129.0812764660641
129.0812764660641
129.0812764660641
129.0812764660641
129.0812764660641
129.0812764660641
129.0812764660641
129.0812764660641
129.0812764660641
129.0812764660641
129.0812764660641
129.0812764660641
129.0812764660641
129.0812764660641
129.0812764660641
129.0812764660641
129.0812764660641
129.0812764660641
129.0812764660641
129.0812764660641
129.0812764660641
129.0812764660641
129.0812764660641
129.0812764660641
129.0812764660641
129.0812764660641
129.0812764660641
129.0812764660641
129.0812764660641
129.0812764660641
129.0812764660641
129.0812764660641
129.0812764660641
129.0812764660641
129.0812764660641
129.0812764660641
129.0812764660641
129.0812764660641
129.0812764660641
129.0812764660641
129.0812764660641
129.0812764660641
129.0812764660641
129.0812764660641
129.0812764660641
129.0812764660641
129.0812764660641
129.0812764660641
129.0812764660641
129.0812764660641
129.0812764660641
129.0812764660641
129.0812764660641
129.0812764660641
129.0812764660641
129.0812764660641
129.0812764660641
129.0812764660641
129.0812764660641
129.0812764660641
129.0812764660641
129.0812764660641
129.0812764660641
129.0812764660641
129.0812764660641
129.0812764660641
129.0812764660641
129.0812764660641
129.0812764660641
129.0812764660641
129.0812764660641
129.0812764660641
129.0812764660641
129.0812764660641
129.0812764660641
129.0812764660641
129.0812764660641
129.0812764660641
129.0812764660641
129.0812764660641
129.0812764660641
129.0812764660641
129.0812764660641
129.0812764660641
129.0812764660641
129.0812764660641
129.0812764660641
129.0812764660641
129.0812764660641
129.0812764660641
129.0812764660641
129.0812764660641
129.0812764660641
129.0812764660641
129.0812764660641
129.0812764660641
129.0812764660641
129.0812764660641
129.0812764660641
129.0812764660641
129.0812764660641
129.0812764660641
129.0812764660641
129.0812764660641
129.0812764660641
129.0812764660641
129.0812764660641
129.0812764660641
129.0812764660641
129.0812764660641
129.0812764660641
129.0812764660641
129.0812764660641
129.0812764660641
129.0812764660641
129.0812764660641
129.0812764660641
129.0812764660641
129.0812764660641
129.0812764660641
129.0812764660641
129.0812764660641
129.0812764660641
129.0812764660641
129.0812764660641
129.0812764660641
129.0812764660641
129.0812764660641
129.0812764660641
129.0812764660641
129.0812764660641
129.0812764660641
129.0812764660641
129.0812764660641
129.0812764660641
129.0812764660641
129.0812764660641
129.0812764660641
129.0812764660641
129.0812764660641
129.0812764660641
129.0812764660641
129.0812764660641
129.0812764660641
129.0812764660641
129.0812764660641
129.0812764660641
129.0812764660641
129.0812764660641
129.0812764660641
129.0812764660641
129.0812764660641
129.0812764660641
129.0812764660641
129.0812764660641
129.0812764660641
129.0812764660641
129.0812764660641
129.0812764660641
129.0812764660641
129.0812764660641
129.0812764660641
129.0812764660641
129.0812764660641
129.0812764660641
129.0812764660641
129.0812764660641
129.0812764660641
129.0812764660641
129.0812764660641
129.0812764660641
129.0812764660641
129.0812764660641
129.0812764660641
129.0812764660641
129.0812764660641
129.0812764660641
129.0812764660641
129.0812764660641
129.0812764660641
129.0812764660641
129.0812764660641
129.0812764660641
129.0812764660641
129.0812764660641
129.0812764660641
129.0812764660641
129.0812764660641
129.0812764660641
129.0812764660641
129.0812764660641
129.0812764660641
129.0812764660641
129.0812764660641
129.0812764660641
129.0812764660641
129.0812764660641
129.0812764660641
129.0812764660641
129.0812764660641
129.0812764660641
129.0812764660641
129.0812764660641
129.0812764660641
129.0812764660641
129.0812764660641
129.0812764660641
129.0812764660641
129.0812764660641
129.0812764660641
129.0812764660641
129.0812764660641
129.0812764660641
129.0812764660641
129.0812764660641
129.0812764660641
129.0812764660641
129.0812764660641
129.0812764660641
129.0812764660641
129.0812764660641
129.0812764660641
129.0812764660641
129.0812764660641
129.0812764660641
129.0812764660641
129.0812764660641
129.0812764660641
129.0812764660641
129.0812764660641
129.0812764660641
129.0812764660641
129.0812764660641
129.0812764660641
129.0812764660641
129.0812764660641
129.0812764660641
129.0812764660641
129.0812764660641
129.0812764660641
129.0812764660641
129.0812764660641
129.0812764660641
129.0812764660641
129.0812764660641
129.0812764660641
129.0812764660641
129.0812764660641
129.0812764660641
129.0812764660641
129.0812764660641
129.0812764660641
129.0812764660641
129.0812764660641
129.0812764660641
129.0812764660641
129.0812764660641
129.0812764660641
129.0812764660641
129.0812764660641
129.0812764660641
129.0812764660641
129.0812764660641
129.0812764660641
129.0812764660641
129.0812764660641
129.0812764660641
129.0812764660641
129.0812764660641
129.0812764660641
129.0812764660641
129.0812764660641
129.0812764660641
129.0812764660641
129.0812764660641
129.0812764660641
129.0812764660641
129.0812764660641
129.0812764660641
129.0812764660641
129.0812764660641
129.0812764660641
129.0812764660641
129.0812764660641
129.0812764660641
129.0812764660641
129.0812764660641
129.0812764660641
129.0812764660641
129.0812764660641
129.0812764660641
129.0812764660641
129.0812764660641
129.0812764660641
129.0812764660641
129.0812764660641
129.0812764660641
129.0812764660641
129.0812764660641
129.0812764660641
129.0812764660641
129.0812764660641
129.0812764660641
129.0812764660641
129.0812764660641
129.0812764660641
129.0812764660641
129.0812764660641
129.0812764660641
129.0812764660641
129.0812764660641
129.0812764660641
129.0812764660641
129.0812764660641
129.0812764660641
129.0812764660641
129.0812764660641
129.0812764660641
129.0812764660641
129.0812764660641
129.0812764660641
129.0812764660641
129.0812764660641
129.0812764660641
129.0812764660641
129.0812764660641
129.0812764660641
129.0812764660641
129.0812764660641
129.0812764660641
129.0812764660641
129.0812764660641
129.0812764660641
129.0812764660641
129.0812764660641
129.0812764660641
129.0812764660641
129.0812764660641
129.0812764660641
129.0812764660641
129.0812764660641
129.0812764660641
129.0812764660641
129.0812764660641
129.0812764660641
129.0812764660641
129.0812764660641
129.0812764660641
129.0812764660641
129.0812764660641
129.0812764660641
129.0812764660641
129.0812764660641
129.0812764660641
129.0812764660641
129.0812764660641
129.0812764660641
129.0812764660641
129.0812764660641
129.0812764660641
129.0812764660641
129.0812764660641
129.0812764660641
129.0812764660641
129.0812764660641
129.0812764660641
129.0812764660641
129.0812764660641
129.0812764660641
129.0812764660641
129.0812764660641
129.0812764660641
129.0812764660641
129.0812764660641
129.0812764660641
129.0812764660641
129.0812764660641
129.0812764660641
129.0812764660641
129.0812764660641
129.0812764660641
129.0812764660641
129.0812764660641
129.0812764660641
129.0812764660641
129.0812764660641
129.0812764660641
129.0812764660641
129.0812764660641
129.0812764660641
129.0812764660641
129.0812764660641
129.0812764660641
129.0812764660641
129.0812764660641
129.0812764660641
129.0812764660641
129.0812764660641
129.0812764660641
129.0812764660641
129.0812764660641
129.0812764660641
129.0812764660641
129.0812764660641
129.0812764660641
129.0812764660641
129.0812764660641
129.0812764660641
129.0812764660641
129.0812764660641
129.0812764660641
129.0812764660641
129.0812764660641
129.0812764660641
129.0812764660641
129.0812764660641
129.0812764660641
129.0812764660641
129.0812764660641
129.0812764660641
129.0812764660641
129.0812764660641
129.0812764660641
129.0812764660641
129.0812764660641
129.0812764660641
129.0812764660641
129.0812764660641
129.0812764660641
129.0812764660641
129.0812764660641
129.0812764660641
129.0812764660641
129.0812764660641
129.0812764660641
129.0812764660641
129.0812764660641
129.0812764660641
129.0812764660641
129.0812764660641
129.0812764660641
129.0812764660641
129.0812764660641
129.0812764660641
129.0812764660641
129.0812764660641
129.0812764660641
129.0812764660641
129.0812764660641
129.0812764660641
129.0812764660641
129.0812764660641
129.0812764660641
129.0812764660641
129.0812764660641
129.0812764660641
129.0812764660641
129.0812764660641
129.0812764660641
129.0812764660641
129.0812764660641
129.0812764660641
129.0812764660641
129.0812764660641
129.0812764660641
129.0812764660641
129.0812764660641
129.0812764660641
129.0812764660641
129.0812764660641
129.0812764660641
129.0812764660641
129.0812764660641
129.0812764660641
129.0812764660641
129.0812764660641
129.0812764660641
129.0812764660641
129.0812764660641
129.0812764660641
129.0812764660641
129.0812764660641
129.0812764660641
129.0812764660641
129.0812764660641
129.0812764660641
129.0812764660641
129.0812764660641
129.0812764660641
129.0812764660641
129.0812764660641
129.0812764660641
129.0812764660641
129.0812764660641
129.0812764660641
129.0812764660641
129.0812764660641
129.0812764660641
129.0812764660641
129.0812764660641
129.0812764660641
129.0812764660641
129.0812764660641
129.0812764660641
129.0812764660641
129.0812764660641
129.0812764660641
129.0812764660641
129.0812764660641
129.0812764660641
129.0812764660641
129.0812764660641
129.0812764660641
129.0812764660641
129.0812764660641
129.0812764660641
129.0812764660641
129.0812764660641
129.0812764660641
129.0812764660641
129.0812764660641
129.0812764660641
129.0812764660641
129.0812764660641
129.0812764660641
129.0812764660641
129.0812764660641
129.0812764660641
129.0812764660641
129.0812764660641
129.0812764660641
129.0812764660641
129.0812764660641
129.0812764660641
129.0812764660641
129.0812764660641
129.0812764660641
129.0812764660641
129.0812764660641
129.0812764660641
129.0812764660641
129.0812764660641
129.0812764660641
129.0812764660641
129.0812764660641
129.0812764660641
129.0812764660641
129.0812764660641
129.0812764660641
129.0812764660641
129.0812764660641
129.0812764660641
129.0812764660641
129.0812764660641
129.0812764660641
129.0812764660641
129.0812764660641
129.0812764660641
129.0812764660641
129.0812764660641
129.0812764660641
129.0812764660641
129.0812764660641
129.0812764660641
129.0812764660641
129.0812764660641
129.0812764660641
129.0812764660641
129.0812764660641
129.0812764660641
129.0812764660641
129.0812764660641
129.0812764660641
129.0812764660641
129.0812764660641
129.0812764660641
129.0812764660641
129.0812764660641
129.0812764660641
129.0812764660641
129.0812764660641
129.0812764660641
129.0812764660641
129.0812764660641
129.0812764660641
129.0812764660641
129.0812764660641
129.0812764660641
129.0812764660641
129.0812764660641
129.0812764660641
129.0812764660641
129.0812764660641
129.0812764660641
129.0812764660641
129.0812764660641
129.0812764660641
129.0812764660641
129.0812764660641
129.0812764660641
129.0812764660641
129.0812764660641
129.0812764660641
129.0812764660641
129.0812764660641
129.0812764660641
129.0812764660641
129.0812764660641
129.0812764660641
129.0812764660641
129.0812764660641
129.0812764660641
129.0812764660641
129.0812764660641
129.0812764660641
129.0812764660641
129.0812764660641
129.0812764660641
129.0812764660641
129.0812764660641
129.0812764660641
129.0812764660641
129.0812764660641
129.0812764660641
129.0812764660641
129.0812764660641
129.0812764660641
129.0812764660641
129.0812764660641
129.0812764660641
129.0812764660641
129.0812764660641
129.0812764660641
129.0812764660641
129.0812764660641
129.0812764660641
129.0812764660641
129.0812764660641
129.0812764660641
129.0812764660641
129.0812764660641
129.0812764660641
129.0812764660641
129.0812764660641
129.0812764660641
129.0812764660641
129.0812764660641
129.0812764660641
129.0812764660641
129.0812764660641
129.0812764660641
129.0812764660641
129.0812764660641
129.0812764660641
129.0812764660641
129.0812764660641
129.0812764660641
129.0812764660641
129.0812764660641
129.0812764660641
129.0812764660641
129.0812764660641
129.0812764660641
129.0812764660641
129.0812764660641
129.0812764660641
129.0812764660641
129.0812764660641
129.0812764660641
129.0812764660641
129.0812764660641
129.0812764660641
129.0812764660641
129.0812764660641
129.0812764660641
129.0812764660641
129.0812764660641
129.0812764660641
129.0812764660641
129.0812764660641
129.0812764660641
129.0812764660641
129.0812764660641
129.0812764660641
129.0812764660641
129.0812764660641
129.0812764660641
129.0812764660641
129.0812764660641
129.0812764660641
129.0812764660641
129.0812764660641
129.0812764660641
129.0812764660641
129.0812764660641
129.0812764660641
129.0812764660641
129.0812764660641
129.0812764660641
129.0812764660641
129.0812764660641
129.0812764660641
129.0812764660641
129.0812764660641
129.0812764660641
129.0812764660641
129.0812764660641
129.0812764660641
129.0812764660641
129.0812764660641
129.0812764660641
129.0812764660641
129.0812764660641
129.0812764660641
129.0812764660641
129.0812764660641
129.0812764660641
129.0812764660641
129.0812764660641
129.0812764660641
129.0812764660641
129.0812764660641
129.0812764660641
129.0812764660641
129.0812764660641
129.0812764660641
129.0812764660641
129.0812764660641
129.0812764660641
129.0812764660641
129.0812764660641
129.0812764660641
129.0812764660641
129.0812764660641
129.0812764660641
129.0812764660641
129.0812764660641
129.0812764660641
129.0812764660641
129.0812764660641
129.0812764660641
129.0812764660641
129.0812764660641
129.0812764660641
129.0812764660641
129.0812764660641
129.0812764660641
129.0812764660641
129.0812764660641
129.0812764660641
129.0812764660641
129.0812764660641
129.0812764660641
129.0812764660641
129.0812764660641
129.0812764660641
129.0812764660641
129.0812764660641
129.0812764660641
129.0812764660641
129.0812764660641
129.0812764660641
129.0812764660641
129.0812764660641
129.0812764660641
129.0812764660641
129.0812764660641
129.0812764660641
129.0812764660641
129.0812764660641
129.0812764660641
129.0812764660641
129.0812764660641
129.0812764660641
129.0812764660641
129.0812764660641
129.0812764660641
129.0812764660641
129.0812764660641
129.0812764660641
129.0812764660641
129.0812764660641
129.0812764660641
129.0812764660641
129.0812764660641
129.0812764660641
129.0812764660641
129.0812764660641
129.0812764660641
129.0812764660641
129.0812764660641
129.0812764660641
129.0812764660641
129.0812764660641
129.0812764660641
129.0812764660641
129.0812764660641
129.0812764660641
