389.6016683149094
389.6016683149094
389.6016683149094
332.62809180197655
292.13871730262014
292.13871730262014
268.1489955132516
266.2558425170381
243.52444126225078
243.52444126225078
243.52444126225078
243.52444126225078
222.4750414955931
211.59935579520535
210.11872677455014
207.11795625033236
186.56776505194657
186.56776505194657
180.8687750360825
178.36765584041947
158.401086890555
147.1001718211497
139.51543469414875
136.40127694989252
123.80662575118434
116.36610431952906
112.94617209881031
107.86004893222864
107.86004893222864
103.6776780799667
101.63013768628274
98.99141957180811
97.96448262973556
95.15033845209534
94.42881822641843
93.23676504431232
91.09833461770597
89.22394714994985
86.78967524619824
84.61729605891088
82.71265154285163
81.77709474970334
80.6810766341565
80.0591087519758
79.84957497925977
79.7875153687392
79.6575203542707
79.61421269275759
79.56159357288487
79.48282853394278
79.45084954055237
79.43571051521445
79.42468140420392
79.41873092846653
79.40238304551947
79.38528253909016
79.36644408544642
79.35466811279721
79.34320979991261
79.33075401775325
79.31796360067757
79.30710315393712
79.29600400464733
79.29130208709482
79.2819926091778
79.2737053823663
79.26279502207095
79.25296857217246
79.23892802786483
79.2271413891143
79.22049121249711
79.2098237351752
79.19737130669428
79.18968497544424
79.18433886183813
79.18053469965767
79.17821428744365
79.17777590049289
79.17777590049289
79.17773542112289
79.17772779094997
79.17770819887693
79.17768399052757
79.17766253330885
79.17762559504148
79.17759912817752
79.17756688444155
79.1775405958005
79.17751736592399
79.17749150154987
79.17745427129722
79.17742935223215
79.17739672891513
79.1773733504261
79.17734392137318
79.17730690475604
79.17727077951297
79.17724935954176
79.17719595147732
79.17713234178433
79.17704381288227
79.17694685394669
79.17685370809924
79.17676647089407
79.17669288539423
79.17659092550952
79.17651312110712
79.17643197577205
79.17631407896894
79.17621633143204
79.17610978443379
79.17602101348137
79.17585120715229
79.17569028887816
79.1755026751403
79.1753859554393
79.17505863836448
79.1747841578707
79.17457942137044
79.17432874056966
79.17405125108331
79.17379561163419
79.1735754514337
79.17340215694387
79.17316631994134
79.17281750412886
79.17235542412904
79.17201815910154
79.17148994619626
79.17104493894367
79.17071622478706
79.17003822062635
79.16940015544978
79.16884725203954
79.16826874490974
79.16766975523065
79.16638967355199
79.16506342810165
79.16373170197039
79.16276113274225
79.16062276769874
79.15864297911803
79.15624329355592
79.15447453948272
79.15212125079461
79.14986560393805
79.14685384064737
79.14477013275004
79.14149951822904
79.13768330839368
79.13133555164526
79.12457197226877
79.12071074055055
79.11217236809694
79.10811042330857
79.0997088100516
79.08995681382736
79.0750800187197
79.05800648829414
79.04156989261035
79.02833558284357
79.01413611279078
78.9914956456515
78.96689658565282
78.93861130252961
78.92135618252804
78.89054196511968
78.85728406353716
78.841867542102
78.82111583316268
78.8080304573809
78.78868161896115
78.77340985638806
78.76780672770083
78.76779845068124
78.76779845068124
78.76779794166889
78.76779794166889
78.76779794166889
78.76779794166889
78.76779773032645
78.7677977008812
78.7677977008812
78.76779769776874
78.76779769672311
78.76779769666751
78.76779769666751
78.76779769666751
78.76779769666751
78.76779769666683
78.76779769666683
78.76779769666683
78.76779769666683
78.76779769666683
78.76779769666683
78.76779769666683
78.76779769666683
78.76779769666683
78.76779769666683
78.76779769666683
78.76779769666683
78.76779769666683
78.76779769666683
78.76779769666683
78.76779769666683
78.76779769666683
78.76779769666683
78.76779769666683
78.76779769666683
78.76779769666683
78.76779769666683
78.76779769666683
78.76779769666683
78.76779769666683
78.76779769666683
78.76779769666683
78.76779769666683
78.76779769666683
78.76779769666683
78.76779769666683
78.76779769666683
78.76779769666683
78.76779769666683
78.76779769666683
78.76779769666683
78.76779769666683
78.76779769666683
78.76779769666683
78.76779769666683
78.76779769666683
78.76779769666683
78.76779769666683
78.76779769666683
78.76779769666683
78.76779769666683
78.76779769666683
78.76779769666683
78.76779769666683
78.76779769666683
78.76779769666683
78.76779769666683
78.76779769666683
78.76779769666683
78.76779769666683
78.76779769666683
78.76779769666683
78.76779769666683
78.76779769666683
78.76779769666683
78.76779769666683
78.76779769666683
78.76779769666683
78.76779769666683
78.76779769666683
78.76779769666683
78.76779769666683
78.76779769666683
78.76779769666683
78.76779769666683
78.76779769666683
78.76779769666683
78.76779769666683
78.76779769666683
78.76779769666683
78.76779769666683
78.76779769666683
78.76779769666683
78.76779769666683
78.76779769666683
78.76779769666683
78.76779769666683
78.76779769666683
78.76779769666683
78.76779769666683
78.76779769666683
78.76779769666683
78.76779769666683
78.76779769666683
78.76779769666683
78.76779769666683
78.76779769666683
78.76779769666683
78.76779769666683
78.76779769666683
78.76779769666683
78.76779769666683
78.76779769666683
78.76779769666683
78.76779769666683
78.76779769666683
78.76779769666683
78.76779769666683
78.76779769666683
78.76779769666683
78.76779769666683
78.76779769666683
78.76779769666683
78.76779769666683
78.76779769666683
78.76779769666683
78.76779769666683
78.76779769666683
78.76779769666683
78.76779769666683
78.76779769666683
78.76779769666683
78.76779769666683
78.76779769666683
78.76779769666683
78.76779769666683
78.76779769666683
78.76779769666683
78.76779769666683
78.76779769666683
78.76779769666683
78.76779769666683
78.76779769666683
78.76779769666683
78.76779769666683
78.76779769666683
78.76779769666683
78.76779769666683
78.76779769666683
78.76779769666683
78.76779769666683
78.76779769666683
78.76779769666683
78.76779769666683
78.76779769666683
78.76779769666683
78.76779769666683
78.76779769666683
78.76779769666683
78.76779769666683
78.76779769666683
78.76779769666683
78.76779769666683
78.76779769666683
78.76779769666683
78.76779769666683
78.76779769666683
78.76779769666683
78.76779769666683
78.76779769666683
78.76779769666683
78.76779769666683
78.76779769666683
78.76779769666683
78.76779769666683
78.76779769666683
78.76779769666683
78.76779769666683
78.76779769666683
78.76779769666683
78.76779769666683
78.76779769666683
78.76779769666683
78.76779769666683
78.76779769666683
78.76779769666683
78.76779769666683
78.76779769666683
78.76779769666683
78.76779769666683
78.76779769666683
78.76779769666683
78.76779769666683
78.76779769666683
78.76779769666683
78.76779769666683
78.76779769666683
78.76779769666683
78.76779769666683
78.76779769666683
78.76779769666683
78.76779769666683
78.76779769666683
78.76779769666683
78.76779769666683
78.76779769666683
78.76779769666683
78.76779769666683
78.76779769666683
78.76779769666683
78.76779769666683
78.76779769666683
78.76779769666683
78.76779769666683
78.76779769666683
78.76779769666683
78.76779769666683
78.76779769666683
78.76779769666683
78.76779769666683
78.76779769666683
78.76779769666683
78.76779769666683
78.76779769666683
78.76779769666683
78.76779769666683
78.76779769666683
78.76779769666683
78.76779769666683
78.76779769666683
78.76779769666683
78.76779769666683
78.76779769666683
78.76779769666683
78.76779769666683
78.76779769666683
78.76779769666683
78.76779769666683
78.76779769666683
78.76779769666683
78.76779769666683
78.76779769666683
78.76779769666683
78.76779769666683
78.76779769666683
78.76779769666683
78.76779769666683
78.76779769666683
78.76779769666683
78.76779769666683
78.76779769666683
78.76779769666683
78.76779769666683
78.76779769666683
78.76779769666683
78.76779769666683
78.76779769666683
78.76779769666683
78.76779769666683
78.76779769666683
78.76779769666683
78.76779769666683
78.76779769666683
78.76779769666683
78.76779769666683
78.76779769666683
78.76779769666683
78.76779769666683
78.76779769666683
78.76779769666683
78.76779769666683
78.76779769666683
78.76779769666683
78.76779769666683
78.76779769666683
78.76779769666683
78.76779769666683
78.76779769666683
78.76779769666683
78.76779769666683
78.76779769666683
78.76779769666683
78.76779769666683
78.76779769666683
78.76779769666683
78.76779769666683
78.76779769666683
78.76779769666683
78.76779769666683
78.76779769666683
78.76779769666683
78.76779769666683
78.76779769666683
78.76779769666683
78.76779769666683
78.76779769666683
78.76779769666683
78.76779769666683
78.76779769666683
78.76779769666683
78.76779769666683
78.76779769666683
78.76779769666683
78.76779769666683
78.76779769666683
78.76779769666683
78.76779769666683
78.76779769666683
78.76779769666683
78.76779769666683
78.76779769666683
78.76779769666683
78.76779769666683
78.76779769666683
78.76779769666683
78.76779769666683
78.76779769666683
78.76779769666683
78.76779769666683
78.76779769666683
78.76779769666683
78.76779769666683
78.76779769666683
78.76779769666683
78.76779769666683
78.76779769666683
78.76779769666683
78.76779769666683
78.76779769666683
78.76779769666683
78.76779769666683
78.76779769666683
78.76779769666683
78.76779769666683
78.76779769666683
78.76779769666683
78.76779769666683
78.76779769666683
78.76779769666683
78.76779769666683
78.76779769666683
78.76779769666683
78.76779769666683
78.76779769666683
78.76779769666683
78.76779769666683
78.76779769666683
78.76779769666683
78.76779769666683
78.76779769666683
78.76779769666683
78.76779769666683
78.76779769666683
78.76779769666683
78.76779769666683
78.76779769666683
78.76779769666683
78.76779769666683
78.76779769666683
78.76779769666683
78.76779769666683
78.76779769666683
78.76779769666683
78.76779769666683
78.76779769666683
78.76779769666683
78.76779769666683
78.76779769666683
78.76779769666683
78.76779769666683
78.76779769666683
78.76779769666683
78.76779769666683
78.76779769666683
78.76779769666683
78.76779769666683
78.76779769666683
78.76779769666683
78.76779769666683
78.76779769666683
78.76779769666683
78.76779769666683
78.76779769666683
78.76779769666683
78.76779769666683
78.76779769666683
78.76779769666683
78.76779769666683
78.76779769666683
78.76779769666683
78.76779769666683
78.76779769666683
78.76779769666683
78.76779769666683
78.76779769666683
78.76779769666683
78.76779769666683
78.76779769666683
78.76779769666683
78.76779769666683
78.76779769666683
78.76779769666683
78.76779769666683
78.76779769666683
78.76779769666683
78.76779769666683
78.76779769666683
78.76779769666683
78.76779769666683
78.76779769666683
78.76779769666683
78.76779769666683
78.76779769666683
78.76779769666683
78.76779769666683
78.76779769666683
78.76779769666683
78.76779769666683
78.76779769666683
78.76779769666683
78.76779769666683
78.76779769666683
78.76779769666683
78.76779769666683
78.76779769666683
78.76779769666683
78.76779769666683
78.76779769666683
78.76779769666683
78.76779769666683
78.76779769666683
78.76779769666683
78.76779769666683
78.76779769666683
78.76779769666683
78.76779769666683
78.76779769666683
78.76779769666683
78.76779769666683
78.76779769666683
78.76779769666683
78.76779769666683
78.76779769666683
78.76779769666683
78.76779769666683
78.76779769666683
78.76779769666683
78.76779769666683
78.76779769666683
78.76779769666683
78.76779769666683
78.76779769666683
78.76779769666683
78.76779769666683
78.76779769666683
78.76779769666683
78.76779769666683
78.76779769666683
78.76779769666683
78.76779769666683
78.76779769666683
78.76779769666683
78.76779769666683
78.76779769666683
78.76779769666683
78.76779769666683
78.76779769666683
78.76779769666683
78.76779769666683
78.76779769666683
78.76779769666683
78.76779769666683
78.76779769666683
78.76779769666683
78.76779769666683
78.76779769666683
78.76779769666683
78.76779769666683
78.76779769666683
78.76779769666683
78.76779769666683
78.76779769666683
78.76779769666683
78.76779769666683
78.76779769666683
78.76779769666683
78.76779769666683
78.76779769666683
78.76779769666683
78.76779769666683
78.76779769666683
78.76779769666683
78.76779769666683
78.76779769666683
78.76779769666683
78.76779769666683
78.76779769666683
78.76779769666683
78.76779769666683
78.76779769666683
78.76779769666683
78.76779769666683
78.76779769666683
78.76779769666683
78.76779769666683
78.76779769666683
78.76779769666683
78.76779769666683
78.76779769666683
78.76779769666683
78.76779769666683
78.76779769666683
78.76779769666683
78.76779769666683
78.76779769666683
78.76779769666683
78.76779769666683
78.76779769666683
78.76779769666683
78.76779769666683
78.76779769666683
78.76779769666683
78.76779769666683
78.76779769666683
78.76779769666683
78.76779769666683
78.76779769666683
78.76779769666683
78.76779769666683
78.76779769666683
78.76779769666683
78.76779769666683
78.76779769666683
78.76779769666683
78.76779769666683
78.76779769666683
78.76779769666683
78.76779769666683
78.76779769666683
78.76779769666683
78.76779769666683
78.76779769666683
78.76779769666683
78.76779769666683
78.76779769666683
78.76779769666683
78.76779769666683
78.76779769666683
78.76779769666683
78.76779769666683
78.76779769666683
78.76779769666683
78.76779769666683
78.76779769666683
78.76779769666683
78.76779769666683
78.76779769666683
78.76779769666683
78.76779769666683
78.76779769666683
78.76779769666683
78.76779769666683
78.76779769666683
78.76779769666683
78.76779769666683
78.76779769666683
78.76779769666683
78.76779769666683
78.76779769666683
78.76779769666683
78.76779769666683
78.76779769666683
78.76779769666683
78.76779769666683
78.76779769666683
78.76779769666683
78.76779769666683
78.76779769666683
78.76779769666683
78.76779769666683
78.76779769666683
78.76779769666683
78.76779769666683
78.76779769666683
78.76779769666683
78.76779769666683
78.76779769666683
78.76779769666683
78.76779769666683
78.76779769666683
78.76779769666683
78.76779769666683
78.76779769666683
78.76779769666683
78.76779769666683
78.76779769666683
78.76779769666683
78.76779769666683
78.76779769666683
78.76779769666683
78.76779769666683
78.76779769666683
78.76779769666683
78.76779769666683
78.76779769666683
78.76779769666683
78.76779769666683
78.76779769666683
78.76779769666683
78.76779769666683
78.76779769666683
78.76779769666683
78.76779769666683
78.76779769666683
78.76779769666683
78.76779769666683
78.76779769666683
78.76779769666683
78.76779769666683
78.76779769666683
78.76779769666683
78.76779769666683
78.76779769666683
78.76779769666683
78.76779769666683
78.76779769666683
78.76779769666683
78.76779769666683
78.76779769666683
78.76779769666683
78.76779769666683
78.76779769666683
78.76779769666683
78.76779769666683
78.76779769666683
78.76779769666683
78.76779769666683
78.76779769666683
78.76779769666683
78.76779769666683
78.76779769666683
78.76779769666683
78.76779769666683
78.76779769666683
78.76779769666683
78.76779769666683
78.76779769666683
78.76779769666683
78.76779769666683
78.76779769666683
78.76779769666683
78.76779769666683
78.76779769666683
78.76779769666683
78.76779769666683
78.76779769666683
78.76779769666683
78.76779769666683
78.76779769666683
78.76779769666683
78.76779769666683
78.76779769666683
78.76779769666683
78.76779769666683
78.76779769666683
78.76779769666683
78.76779769666683
78.76779769666683
78.76779769666683
78.76779769666683
78.76779769666683
78.76779769666683
78.76779769666683
78.76779769666683
78.76779769666683
78.76779769666683
78.76779769666683
78.76779769666683
78.76779769666683
78.76779769666683
78.76779769666683
78.76779769666683
78.76779769666683
78.76779769666683
78.76779769666683
78.76779769666683
78.76779769666683
78.76779769666683
78.76779769666683
78.76779769666683
78.76779769666683
78.76779769666683
78.76779769666683
78.76779769666683
78.76779769666683
78.76779769666683
78.76779769666683
78.76779769666683
78.76779769666683
78.76779769666683
78.76779769666683
78.76779769666683
78.76779769666683
78.76779769666683
78.76779769666683
78.76779769666683
78.76779769666683
78.76779769666683
78.76779769666683
78.76779769666683
78.76779769666683
78.76779769666683
78.76779769666683
78.76779769666683
78.76779769666683
78.76779769666683
78.76779769666683
78.76779769666683
78.76779769666683
78.76779769666683
78.76779769666683
78.76779769666683
78.76779769666683
78.76779769666683
78.76779769666683
78.76779769666683
78.76779769666683
78.76779769666683
78.76779769666683
78.76779769666683
78.76779769666683
78.76779769666683
78.76779769666683
78.76779769666683
78.76779769666683
78.76779769666683
78.76779769666683
78.76779769666683
78.76779769666683
78.76779769666683
78.76779769666683
78.76779769666683
78.76779769666683
78.76779769666683
78.76779769666683
78.76779769666683
78.76779769666683
78.76779769666683
78.76779769666683
78.76779769666683
78.76779769666683
78.76779769666683
78.76779769666683
78.76779769666683
78.76779769666683
78.76779769666683
78.76779769666683
78.76779769666683
78.76779769666683
78.76779769666683
78.76779769666683
78.76779769666683
78.76779769666683
78.76779769666683
78.76779769666683
78.76779769666683
78.76779769666683
78.76779769666683
78.76779769666683
78.76779769666683
78.76779769666683
78.76779769666683
78.76779769666683
78.76779769666683
78.76779769666683
78.76779769666683
78.76779769666683
78.76779769666683
78.76779769666683
78.76779769666683
78.76779769666683
78.76779769666683
78.76779769666683
78.76779769666683
78.76779769666683
78.76779769666683
78.76779769666683
78.76779769666683
78.76779769666683
78.76779769666683
78.76779769666683
78.76779769666683
78.76779769666683
78.76779769666683
78.76779769666683
78.76779769666683
78.76779769666683
78.76779769666683
78.76779769666683
78.76779769666683
78.76779769666683
78.76779769666683
78.76779769666683
78.76779769666683
78.76779769666683
78.76779769666683
78.76779769666683
78.76779769666683
78.76779769666683
78.76779769666683
78.76779769666683
78.76779769666683
78.76779769666683
78.76779769666683
78.76779769666683
78.76779769666683
78.76779769666683
78.76779769666683
78.76779769666683
78.76779769666683
78.76779769666683
78.76779769666683
78.76779769666683
78.76779769666683
78.76779769666683
78.76779769666683
78.76779769666683
78.76779769666683
78.76779769666683
78.76779769666683
78.76779769666683
78.76779769666683
78.76779769666683
78.76779769666683
78.76779769666683
78.76779769666683
78.76779769666683
78.76779769666683
78.76779769666683
78.76779769666683
78.76779769666683
78.76779769666683
78.76779769666683
78.76779769666683
78.76779769666683
78.76779769666683
78.76779769666683
78.76779769666683
78.76779769666683
78.76779769666683
78.76779769666683
78.76779769666683
78.76779769666683
78.76779769666683
78.76779769666683
78.76779769666683
78.76779769666683
78.76779769666683
78.76779769666683
78.76779769666683
78.76779769666683
78.76779769666683
78.76779769666683
78.76779769666683
78.76779769666683
78.76779769666683
78.76779769666683
78.76779769666683
78.76779769666683
78.76779769666683
78.76779769666683
78.76779769666683
78.76779769666683
78.76779769666683
78.76779769666683
78.76779769666683
78.76779769666683
78.76779769666683
78.76779769666683
78.76779769666683
78.76779769666683
78.76779769666683
78.76779769666683
78.76779769666683
78.76779769666683
78.76779769666683
78.76779769666683
78.76779769666683
78.76779769666683
78.76779769666683
78.76779769666683
78.76779769666683
78.76779769666683
78.76779769666683
78.76779769666683
78.76779769666683
78.76779769666683
78.76779769666683
78.76779769666683
78.76779769666683
78.76779769666683
78.76779769666683
78.76779769666683
78.76779769666683
78.76779769666683
78.76779769666683
78.76779769666683
78.76779769666683
78.76779769666683
78.76779769666683
78.76779769666683
78.76779769666683
78.76779769666683
78.76779769666683
78.76779769666683
78.76779769666683
78.76779769666683
78.76779769666683
78.76779769666683
78.76779769666683
78.76779769666683
78.76779769666683
78.76779769666683
78.76779769666683
78.76779769666683
78.76779769666683
78.76779769666683
78.76779769666683
78.76779769666683
78.76779769666683
78.76779769666683
78.76779769666683
78.76779769666683
78.76779769666683
78.76779769666683
78.76779769666683
78.76779769666683
78.76779769666683
78.76779769666683
78.76779769666683
78.76779769666683
78.76779769666683
78.76779769666683
78.76779769666683
78.76779769666683
78.76779769666683
78.76779769666683
78.76779769666683
78.76779769666683
78.76779769666683
78.76779769666683
78.76779769666683
78.76779769666683
78.76779769666683
78.76779769666683
78.76779769666683
78.76779769666683
78.76779769666683
78.76779769666683
78.76779769666683
78.76779769666683
78.76779769666683
78.76779769666683
78.76779769666683
78.76779769666683
78.76779769666683
78.76779769666683
78.76779769666683
78.76779769666683
78.76779769666683
78.76779769666683
78.76779769666683
78.76779769666683
78.76779769666683
78.76779769666683
78.76779769666683
78.76779769666683
78.76779769666683
78.76779769666683
78.76779769666683
78.76779769666683
78.76779769666683
78.76779769666683
78.76779769666683
78.76779769666683
78.76779769666683
78.76779769666683
78.76779769666683
78.76779769666683
78.76779769666683
78.76779769666683
78.76779769666683
78.76779769666683
78.76779769666683
78.76779769666683
78.76779769666683
78.76779769666683
78.76779769666683
78.76779769666683
78.76779769666683
78.76779769666683
78.76779769666683
78.76779769666683
78.76779769666683
78.76779769666683
78.76779769666683
78.76779769666683
78.76779769666683
78.76779769666683
78.76779769666683
78.76779769666683
78.76779769666683
78.76779769666683
78.76779769666683
78.76779769666683
78.76779769666683
78.76779769666683
78.76779769666683
78.76779769666683
78.76779769666683
78.76779769666683
78.76779769666683
78.76779769666683
78.76779769666683
78.76779769666683
78.76779769666683
78.76779769666683
78.76779769666683
78.76779769666683
78.76779769666683
78.76779769666683
78.76779769666683
78.76779769666683
78.76779769666683
78.76779769666683
78.76779769666683
78.76779769666683
78.76779769666683
78.76779769666683
78.76779769666683
78.76779769666683
78.76779769666683
78.76779769666683
78.76779769666683
78.76779769666683
78.76779769666683
78.76779769666683
78.76779769666683
78.76779769666683
78.76779769666683
78.76779769666683
78.76779769666683
78.76779769666683
78.76779769666683
78.76779769666683
78.76779769666683
78.76779769666683
78.76779769666683
78.76779769666683
78.76779769666683
78.76779769666683
78.76779769666683
78.76779769666683
78.76779769666683
78.76779769666683
78.76779769666683
78.76779769666683
78.76779769666683
78.76779769666683
78.76779769666683
78.76779769666683
78.76779769666683
78.76779769666683
78.76779769666683
78.76779769666683
78.76779769666683
78.76779769666683
78.76779769666683
78.76779769666683
78.76779769666683
78.76779769666683
78.76779769666683
78.76779769666683
78.76779769666683
78.76779769666683
78.76779769666683
78.76779769666683
78.76779769666683
78.76779769666683
78.76779769666683
78.76779769666683
78.76779769666683
78.76779769666683
78.76779769666683
78.76779769666683
78.76779769666683
78.76779769666683
78.76779769666683
78.76779769666683
78.76779769666683
78.76779769666683
78.76779769666683
78.76779769666683
78.76779769666683
78.76779769666683
78.76779769666683
78.76779769666683
78.76779769666683
78.76779769666683
78.76779769666683
78.76779769666683
78.76779769666683
78.76779769666683
78.76779769666683
78.76779769666683
78.76779769666683
78.76779769666683
78.76779769666683
78.76779769666683
78.76779769666683
78.76779769666683
78.76779769666683
78.76779769666683
78.76779769666683
78.76779769666683
78.76779769666683
78.76779769666683
78.76779769666683
78.76779769666683
78.76779769666683
78.76779769666683
78.76779769666683
78.76779769666683
78.76779769666683
78.76779769666683
78.76779769666683
78.76779769666683
78.76779769666683
78.76779769666683
78.76779769666683
78.76779769666683
78.76779769666683
78.76779769666683
78.76779769666683
78.76779769666683
78.76779769666683
78.76779769666683
78.76779769666683
78.76779769666683
78.76779769666683
78.76779769666683
78.76779769666683
78.76779769666683
78.76779769666683
78.76779769666683
78.76779769666683
78.76779769666683
78.76779769666683
78.76779769666683
78.76779769666683
78.76779769666683
78.76779769666683
78.76779769666683
78.76779769666683
78.76779769666683
78.76779769666683
78.76779769666683
78.76779769666683
78.76779769666683
78.76779769666683
78.76779769666683
78.76779769666683
78.76779769666683
78.76779769666683
78.76779769666683
78.76779769666683
78.76779769666683
78.76779769666683
78.76779769666683
78.76779769666683
78.76779769666683
78.76779769666683
78.76779769666683
78.76779769666683
78.76779769666683
78.76779769666683
78.76779769666683
78.76779769666683
78.76779769666683
78.76779769666683
78.76779769666683
78.76779769666683
78.76779769666683
78.76779769666683
78.76779769666683
78.76779769666683
78.76779769666683
78.76779769666683
78.76779769666683
78.76779769666683
78.76779769666683
78.76779769666683
78.76779769666683
78.76779769666683
78.76779769666683
78.76779769666683
78.76779769666683
78.76779769666683
78.76779769666683
78.76779769666683
78.76779769666683
78.76779769666683
78.76779769666683
78.76779769666683
78.76779769666683
78.76779769666683
78.76779769666683
78.76779769666683
78.76779769666683
78.76779769666683
78.76779769666683
78.76779769666683
78.76779769666683
78.76779769666683
78.76779769666683
78.76779769666683
78.76779769666683
78.76779769666683
78.76779769666683
78.76779769666683
78.76779769666683
78.76779769666683
78.76779769666683
78.76779769666683
78.76779769666683
78.76779769666683
78.76779769666683
78.76779769666683
78.76779769666683
78.76779769666683
78.76779769666683
78.76779769666683
78.76779769666683
78.76779769666683
78.76779769666683
78.76779769666683
78.76779769666683
78.76779769666683
78.76779769666683
78.76779769666683
78.76779769666683
78.76779769666683
78.76779769666683
78.76779769666683
78.76779769666683
78.76779769666683
78.76779769666683
78.76779769666683
78.76779769666683
78.76779769666683
78.76779769666683
78.76779769666683
78.76779769666683
78.76779769666683
78.76779769666683
78.76779769666683
78.76779769666683
78.76779769666683
78.76779769666683
78.76779769666683
78.76779769666683
78.76779769666683
78.76779769666683
78.76779769666683
78.76779769666683
78.76779769666683
78.76779769666683
78.76779769666683
78.76779769666683
78.76779769666683
78.76779769666683
78.76779769666683
78.76779769666683
78.76779769666683
78.76779769666683
78.76779769666683
78.76779769666683
78.76779769666683
78.76779769666683
78.76779769666683
78.76779769666683
78.76779769666683
78.76779769666683
78.76779769666683
78.76779769666683
78.76779769666683
78.76779769666683
78.76779769666683
78.76779769666683
78.76779769666683
78.76779769666683
78.76779769666683
78.76779769666683
78.76779769666683
78.76779769666683
78.76779769666683
78.76779769666683
78.76779769666683
78.76779769666683
78.76779769666683
78.76779769666683
78.76779769666683
78.76779769666683
78.76779769666683
78.76779769666683
78.76779769666683
78.76779769666683
78.76779769666683
78.76779769666683
78.76779769666683
78.76779769666683
78.76779769666683
78.76779769666683
78.76779769666683
78.76779769666683
78.76779769666683
78.76779769666683
78.76779769666683
78.76779769666683
78.76779769666683
78.76779769666683
78.76779769666683
78.76779769666683
78.76779769666683
78.76779769666683
78.76779769666683
78.76779769666683
78.76779769666683
78.76779769666683
78.76779769666683
78.76779769666683
78.76779769666683
78.76779769666683
78.76779769666683
78.76779769666683
78.76779769666683
78.76779769666683
78.76779769666683
78.76779769666683
78.76779769666683
78.76779769666683
78.76779769666683
78.76779769666683
78.76779769666683
78.76779769666683
78.76779769666683
78.76779769666683
78.76779769666683
78.76779769666683
78.76779769666683
78.76779769666683
78.76779769666683
78.76779769666683
78.76779769666683
78.76779769666683
78.76779769666683
78.76779769666683
78.76779769666683
78.76779769666683
78.76779769666683
78.76779769666683
78.76779769666683
78.76779769666683
78.76779769666683
78.76779769666683
78.76779769666683
78.76779769666683
78.76779769666683
78.76779769666683
78.76779769666683
78.76779769666683
78.76779769666683
78.76779769666683
78.76779769666683
78.76779769666683
78.76779769666683
78.76779769666683
78.76779769666683
78.76779769666683
78.76779769666683
78.76779769666683
78.76779769666683
78.76779769666683
78.76779769666683
78.76779769666683
78.76779769666683
78.76779769666683
78.76779769666683
78.76779769666683
78.76779769666683
78.76779769666683
78.76779769666683
78.76779769666683
78.76779769666683
78.76779769666683
78.76779769666683
78.76779769666683
78.76779769666683
78.76779769666683
78.76779769666683
78.76779769666683
78.76779769666683
78.76779769666683
78.76779769666683
78.76779769666683
78.76779769666683
78.76779769666683
78.76779769666683
78.76779769666683
78.76779769666683
78.76779769666683
78.76779769666683
78.76779769666683
78.76779769666683
78.76779769666683
78.76779769666683
78.76779769666683
78.76779769666683
78.76779769666683
78.76779769666683
78.76779769666683
78.76779769666683
78.76779769666683
78.76779769666683
78.76779769666683
78.76779769666683
78.76779769666683
78.76779769666683
78.76779769666683
78.76779769666683
78.76779769666683
78.76779769666683
78.76779769666683
78.76779769666683
78.76779769666683
78.76779769666683
78.76779769666683
78.76779769666683
78.76779769666683
78.76779769666683
78.76779769666683
78.76779769666683
78.76779769666683
78.76779769666683
78.76779769666683
78.76779769666683
78.76779769666683
78.76779769666683
78.76779769666683
78.76779769666683
78.76779769666683
78.76779769666683
78.76779769666683
78.76779769666683
78.76779769666683
78.76779769666683
78.76779769666683
78.76779769666683
78.76779769666683
78.76779769666683
78.76779769666683
78.76779769666683
78.76779769666683
78.76779769666683
78.76779769666683
78.76779769666683
78.76779769666683
78.76779769666683
78.76779769666683
78.76779769666683
78.76779769666683
78.76779769666683
78.76779769666683
78.76779769666683
78.76779769666683
78.76779769666683
78.76779769666683
78.76779769666683
78.76779769666683
78.76779769666683
78.76779769666683
78.76779769666683
78.76779769666683
78.76779769666683
78.76779769666683
78.76779769666683
78.76779769666683
78.76779769666683
78.76779769666683
78.76779769666683
78.76779769666683
78.76779769666683
78.76779769666683
78.76779769666683
78.76779769666683
78.76779769666683
78.76779769666683
78.76779769666683
78.76779769666683
78.76779769666683
78.76779769666683
78.76779769666683
78.76779769666683
78.76779769666683
78.76779769666683
78.76779769666683
78.76779769666683
78.76779769666683
78.76779769666683
78.76779769666683
78.76779769666683
78.76779769666683
78.76779769666683
78.76779769666683
78.76779769666683
78.76779769666683
78.76779769666683
78.76779769666683
78.76779769666683
78.76779769666683
78.76779769666683
78.76779769666683
78.76779769666683
78.76779769666683
78.76779769666683
78.76779769666683
78.76779769666683
78.76779769666683
78.76779769666683
78.76779769666683
78.76779769666683
78.76779769666683
78.76779769666683
78.76779769666683
78.76779769666683
78.76779769666683
78.76779769666683
78.76779769666683
78.76779769666683
78.76779769666683
78.76779769666683
78.76779769666683
78.76779769666683
78.76779769666683
78.76779769666683
78.76779769666683
78.76779769666683
78.76779769666683
78.76779769666683
78.76779769666683
78.76779769666683
78.76779769666683
78.76779769666683
78.76779769666683
78.76779769666683
78.76779769666683
78.76779769666683
78.76779769666683
78.76779769666683
78.76779769666683
78.76779769666683
78.76779769666683
78.76779769666683
78.76779769666683
78.76779769666683
78.76779769666683
78.76779769666683
78.76779769666683
78.76779769666683
78.76779769666683
78.76779769666683
78.76779769666683
78.76779769666683
78.76779769666683
78.76779769666683
78.76779769666683
78.76779769666683
78.76779769666683
78.76779769666683
78.76779769666683
78.76779769666683
78.76779769666683
78.76779769666683
78.76779769666683
78.76779769666683
78.76779769666683
78.76779769666683
78.76779769666683
78.76779769666683
78.76779769666683
78.76779769666683
78.76779769666683
78.76779769666683
78.76779769666683
78.76779769666683
78.76779769666683
78.76779769666683
78.76779769666683
78.76779769666683
78.76779769666683
78.76779769666683
78.76779769666683
78.76779769666683
78.76779769666683
78.76779769666683
78.76779769666683
78.76779769666683
78.76779769666683
78.76779769666683
78.76779769666683
78.76779769666683
78.76779769666683
78.76779769666683
78.76779769666683
78.76779769666683
78.76779769666683
78.76779769666683
78.76779769666683
78.76779769666683
78.76779769666683
78.76779769666683
78.76779769666683
78.76779769666683
78.76779769666683
78.76779769666683
78.76779769666683
78.76779769666683
78.76779769666683
78.76779769666683
78.76779769666683
78.76779769666683
78.76779769666683
78.76779769666683
78.76779769666683
78.76779769666683
78.76779769666683
78.76779769666683
78.76779769666683
78.76779769666683
78.76779769666683
78.76779769666683
78.76779769666683
78.76779769666683
78.76779769666683
78.76779769666683
78.76779769666683
78.76779769666683
78.76779769666683
78.76779769666683
78.76779769666683
78.76779769666683
78.76779769666683
78.76779769666683
78.76779769666683
78.76779769666683
78.76779769666683
78.76779769666683
78.76779769666683
78.76779769666683
78.76779769666683
78.76779769666683
78.76779769666683
78.76779769666683
78.76779769666683
78.76779769666683
78.76779769666683
78.76779769666683
78.76779769666683
78.76779769666683
78.76779769666683
78.76779769666683
78.76779769666683
78.76779769666683
78.76779769666683
78.76779769666683
78.76779769666683
78.76779769666683
78.76779769666683
78.76779769666683
78.76779769666683
78.76779769666683
78.76779769666683
78.76779769666683
78.76779769666683
78.76779769666683
78.76779769666683
78.76779769666683
78.76779769666683
78.76779769666683
78.76779769666683
78.76779769666683
78.76779769666683
78.76779769666683
78.76779769666683
78.76779769666683
78.76779769666683
78.76779769666683
78.76779769666683
78.76779769666683
78.76779769666683
78.76779769666683
78.76779769666683
78.76779769666683
78.76779769666683
78.76779769666683
78.76779769666683
78.76779769666683
78.76779769666683
78.76779769666683
78.76779769666683
78.76779769666683
78.76779769666683
78.76779769666683
78.76779769666683
78.76779769666683
78.76779769666683
78.76779769666683
78.76779769666683
78.76779769666683
78.76779769666683
78.76779769666683
78.76779769666683
78.76779769666683
78.76779769666683
78.76779769666683
78.76779769666683
78.76779769666683
78.76779769666683
78.76779769666683
78.76779769666683
78.76779769666683
78.76779769666683
78.76779769666683
78.76779769666683
78.76779769666683
78.76779769666683
78.76779769666683
78.76779769666683
78.76779769666683
78.76779769666683
78.76779769666683
78.76779769666683
78.76779769666683
78.76779769666683
78.76779769666683
78.76779769666683
78.76779769666683
78.76779769666683
78.76779769666683
78.76779769666683
78.76779769666683
78.76779769666683
78.76779769666683
78.76779769666683
78.76779769666683
78.76779769666683
78.76779769666683
78.76779769666683
78.76779769666683
78.76779769666683
78.76779769666683
78.76779769666683
78.76779769666683
78.76779769666683
78.76779769666683
78.76779769666683
78.76779769666683
78.76779769666683
78.76779769666683
78.76779769666683
78.76779769666683
78.76779769666683
78.76779769666683
78.76779769666683
78.76779769666683
78.76779769666683
78.76779769666683
78.76779769666683
78.76779769666683
78.76779769666683
78.76779769666683
78.76779769666683
78.76779769666683
78.76779769666683
78.76779769666683
78.76779769666683
78.76779769666683
78.76779769666683
78.76779769666683
78.76779769666683
78.76779769666683
78.76779769666683
78.76779769666683
78.76779769666683
78.76779769666683
78.76779769666683
78.76779769666683
78.76779769666683
78.76779769666683
78.76779769666683
78.76779769666683
78.76779769666683
78.76779769666683
78.76779769666683
78.76779769666683
78.76779769666683
78.76779769666683
78.76779769666683
78.76779769666683
78.76779769666683
78.76779769666683
78.76779769666683
78.76779769666683
78.76779769666683
78.76779769666683
78.76779769666683
78.76779769666683
78.76779769666683
78.76779769666683
78.76779769666683
78.76779769666683
78.76779769666683
78.76779769666683
78.76779769666683
78.76779769666683
78.76779769666683
78.76779769666683
78.76779769666683
78.76779769666683
78.76779769666683
78.76779769666683
78.76779769666683
78.76779769666683
78.76779769666683
78.76779769666683
78.76779769666683
78.76779769666683
78.76779769666683
78.76779769666683
78.76779769666683
78.76779769666683
78.76779769666683
78.76779769666683
78.76779769666683
78.76779769666683
78.76779769666683
78.76779769666683
78.76779769666683
78.76779769666683
78.76779769666683
78.76779769666683
78.76779769666683
78.76779769666683
78.76779769666683
78.76779769666683
78.76779769666683
78.76779769666683
78.76779769666683
78.76779769666683
78.76779769666683
78.76779769666683
78.76779769666683
78.76779769666683
78.76779769666683
78.76779769666683
78.76779769666683
78.76779769666683
78.76779769666683
78.76779769666683
78.76779769666683
78.76779769666683
78.76779769666683
78.76779769666683
78.76779769666683
78.76779769666683
78.76779769666683
78.76779769666683
78.76779769666683
78.76779769666683
78.76779769666683
78.76779769666683
78.76779769666683
78.76779769666683
78.76779769666683
78.76779769666683
78.76779769666683
78.76779769666683
78.76779769666683
78.76779769666683
78.76779769666683
78.76779769666683
78.76779769666683
78.76779769666683
78.76779769666683
78.76779769666683
78.76779769666683
78.76779769666683
78.76779769666683
78.76779769666683
78.76779769666683
78.76779769666683
78.76779769666683
78.76779769666683
78.76779769666683
78.76779769666683
78.76779769666683
78.76779769666683
78.76779769666683
78.76779769666683
78.76779769666683
78.76779769666683
78.76779769666683
78.76779769666683
78.76779769666683
78.76779769666683
78.76779769666683
78.76779769666683
78.76779769666683
78.76779769666683
78.76779769666683
78.76779769666683
78.76779769666683
78.76779769666683
78.76779769666683
78.76779769666683
78.76779769666683
78.76779769666683
78.76779769666683
78.76779769666683
78.76779769666683
78.76779769666683
78.76779769666683
78.76779769666683
78.76779769666683
78.76779769666683
78.76779769666683
78.76779769666683
78.76779769666683
78.76779769666683
78.76779769666683
78.76779769666683
78.76779769666683
78.76779769666683
78.76779769666683
78.76779769666683
78.76779769666683
78.76779769666683
78.76779769666683
78.76779769666683
78.76779769666683
78.76779769666683
78.76779769666683
78.76779769666683
78.76779769666683
78.76779769666683
78.76779769666683
78.76779769666683
78.76779769666683
78.76779769666683
78.76779769666683
78.76779769666683
78.76779769666683
78.76779769666683
78.76779769666683
78.76779769666683
78.76779769666683
78.76779769666683
78.76779769666683
78.76779769666683
78.76779769666683
78.76779769666683
78.76779769666683
78.76779769666683
78.76779769666683
78.76779769666683
78.76779769666683
78.76779769666683
78.76779769666683
78.76779769666683
78.76779769666683
78.76779769666683
78.76779769666683
78.76779769666683
78.76779769666683
78.76779769666683
78.76779769666683
78.76779769666683
78.76779769666683
78.76779769666683
78.76779769666683
78.76779769666683
78.76779769666683
78.76779769666683
78.76779769666683
78.76779769666683
78.76779769666683
78.76779769666683
78.76779769666683
78.76779769666683
78.76779769666683
78.76779769666683
78.76779769666683
78.76779769666683
78.76779769666683
78.76779769666683
78.76779769666683
78.76779769666683
78.76779769666683
78.76779769666683
78.76779769666683
78.76779769666683
78.76779769666683
78.76779769666683
78.76779769666683
78.76779769666683
78.76779769666683
78.76779769666683
78.76779769666683
78.76779769666683
78.76779769666683
78.76779769666683
78.76779769666683
78.76779769666683
78.76779769666683
78.76779769666683
78.76779769666683
78.76779769666683
78.76779769666683
78.76779769666683
78.76779769666683
78.76779769666683
78.76779769666683
78.76779769666683
78.76779769666683
78.76779769666683
78.76779769666683
78.76779769666683
78.76779769666683
78.76779769666683
78.76779769666683
78.76779769666683
78.76779769666683
78.76779769666683
78.76779769666683
78.76779769666683
78.76779769666683
78.76779769666683
78.76779769666683
78.76779769666683
78.76779769666683
78.76779769666683
78.76779769666683
78.76779769666683
78.76779769666683
78.76779769666683
78.76779769666683
78.76779769666683
78.76779769666683
78.76779769666683
78.76779769666683
78.76779769666683
78.76779769666683
78.76779769666683
78.76779769666683
78.76779769666683
78.76779769666683
78.76779769666683
78.76779769666683
78.76779769666683
78.76779769666683
78.76779769666683
78.76779769666683
78.76779769666683
78.76779769666683
78.76779769666683
78.76779769666683
78.76779769666683
78.76779769666683
78.76779769666683
78.76779769666683
78.76779769666683
78.76779769666683
78.76779769666683
78.76779769666683
78.76779769666683
78.76779769666683
78.76779769666683
78.76779769666683
78.76779769666683
78.76779769666683
78.76779769666683
78.76779769666683
78.76779769666683
78.76779769666683
78.76779769666683
78.76779769666683
78.76779769666683
78.76779769666683
78.76779769666683
78.76779769666683
78.76779769666683
78.76779769666683
78.76779769666683
78.76779769666683
78.76779769666683
78.76779769666683
78.76779769666683
78.76779769666683
78.76779769666683
78.76779769666683
78.76779769666683
78.76779769666683
78.76779769666683
78.76779769666683
78.76779769666683
78.76779769666683
78.76779769666683
78.76779769666683
78.76779769666683
78.76779769666683
78.76779769666683
78.76779769666683
78.76779769666683
78.76779769666683
78.76779769666683
78.76779769666683
78.76779769666683
78.76779769666683
78.76779769666683
78.76779769666683
78.76779769666683
78.76779769666683
78.76779769666683
78.76779769666683
78.76779769666683
78.76779769666683
78.76779769666683
78.76779769666683
78.76779769666683
78.76779769666683
78.76779769666683
78.76779769666683
78.76779769666683
78.76779769666683
78.76779769666683
78.76779769666683
78.76779769666683
78.76779769666683
78.76779769666683
78.76779769666683
78.76779769666683
78.76779769666683
78.76779769666683
78.76779769666683
78.76779769666683
78.76779769666683
78.76779769666683
78.76779769666683
78.76779769666683
78.76779769666683
78.76779769666683
78.76779769666683
78.76779769666683
78.76779769666683
78.76779769666683
78.76779769666683
78.76779769666683
78.76779769666683
78.76779769666683
78.76779769666683
78.76779769666683
78.76779769666683
78.76779769666683
78.76779769666683
78.76779769666683
78.76779769666683
78.76779769666683
78.76779769666683
78.76779769666683
78.76779769666683
78.76779769666683
78.76779769666683
78.76779769666683
78.76779769666683
78.76779769666683
78.76779769666683
78.76779769666683
78.76779769666683
78.76779769666683
78.76779769666683
78.76779769666683
78.76779769666683
78.76779769666683
78.76779769666683
78.76779769666683
78.76779769666683
78.76779769666683
78.76779769666683
78.76779769666683
78.76779769666683
78.76779769666683
78.76779769666683
78.76779769666683
78.76779769666683
78.76779769666683
78.76779769666683
78.76779769666683
78.76779769666683
78.76779769666683
78.76779769666683
78.76779769666683
78.76779769666683
78.76779769666683
78.76779769666683
78.76779769666683
78.76779769666683
78.76779769666683
78.76779769666683
78.76779769666683
78.76779769666683
78.76779769666683
78.76779769666683
78.76779769666683
78.76779769666683
78.76779769666683
78.76779769666683
78.76779769666683
78.76779769666683
78.76779769666683
78.76779769666683
78.76779769666683
78.76779769666683
78.76779769666683
78.76779769666683
78.76779769666683
78.76779769666683
78.76779769666683
78.76779769666683
78.76779769666683
78.76779769666683
78.76779769666683
78.76779769666683
78.76779769666683
78.76779769666683
78.76779769666683
78.76779769666683
78.76779769666683
78.76779769666683
78.76779769666683
78.76779769666683
78.76779769666683
78.76779769666683
78.76779769666683
78.76779769666683
78.76779769666683
78.76779769666683
78.76779769666683
78.76779769666683
78.76779769666683
78.76779769666683
78.76779769666683
78.76779769666683
78.76779769666683
78.76779769666683
78.76779769666683
78.76779769666683
78.76779769666683
78.76779769666683
78.76779769666683
78.76779769666683
78.76779769666683
78.76779769666683
78.76779769666683
78.76779769666683
78.76779769666683
78.76779769666683
78.76779769666683
78.76779769666683
78.76779769666683
78.76779769666683
78.76779769666683
78.76779769666683
78.76779769666683
78.76779769666683
78.76779769666683
78.76779769666683
78.76779769666683
78.76779769666683
78.76779769666683
78.76779769666683
78.76779769666683
78.76779769666683
78.76779769666683
78.76779769666683
78.76779769666683
78.76779769666683
78.76779769666683
78.76779769666683
78.76779769666683
78.76779769666683
78.76779769666683
78.76779769666683
78.76779769666683
78.76779769666683
78.76779769666683
78.76779769666683
78.76779769666683
78.76779769666683
78.76779769666683
78.76779769666683
78.76779769666683
78.76779769666683
78.76779769666683
78.76779769666683
78.76779769666683
78.76779769666683
78.76779769666683
78.76779769666683
78.76779769666683
78.76779769666683
78.76779769666683
78.76779769666683
78.76779769666683
78.76779769666683
78.76779769666683
78.76779769666683
78.76779769666683
78.76779769666683
78.76779769666683
78.76779769666683
78.76779769666683
78.76779769666683
78.76779769666683
78.76779769666683
78.76779769666683
78.76779769666683
78.76779769666683
78.76779769666683
78.76779769666683
78.76779769666683
78.76779769666683
78.76779769666683
78.76779769666683
78.76779769666683
78.76779769666683
78.76779769666683
78.76779769666683
78.76779769666683
78.76779769666683
78.76779769666683
78.76779769666683
78.76779769666683
78.76779769666683
78.76779769666683
78.76779769666683
78.76779769666683
78.76779769666683
78.76779769666683
78.76779769666683
78.76779769666683
78.76779769666683
78.76779769666683
78.76779769666683
78.76779769666683
78.76779769666683
78.76779769666683
78.76779769666683
78.76779769666683
78.76779769666683
78.76779769666683
78.76779769666683
78.76779769666683
78.76779769666683
78.76779769666683
78.76779769666683
78.76779769666683
78.76779769666683
78.76779769666683
78.76779769666683
78.76779769666683
78.76779769666683
78.76779769666683
78.76779769666683
78.76779769666683
78.76779769666683
78.76779769666683
78.76779769666683
78.76779769666683
78.76779769666683
78.76779769666683
78.76779769666683
78.76779769666683
78.76779769666683
78.76779769666683
78.76779769666683
78.76779769666683
78.76779769666683
78.76779769666683
78.76779769666683
78.76779769666683
78.76779769666683
78.76779769666683
78.76779769666683
78.76779769666683
78.76779769666683
78.76779769666683
78.76779769666683
78.76779769666683
78.76779769666683
78.76779769666683
78.76779769666683
78.76779769666683
78.76779769666683
78.76779769666683
78.76779769666683
78.76779769666683
78.76779769666683
78.76779769666683
78.76779769666683
78.76779769666683
78.76779769666683
78.76779769666683
78.76779769666683
78.76779769666683
78.76779769666683
78.76779769666683
78.76779769666683
78.76779769666683
78.76779769666683
78.76779769666683
78.76779769666683
78.76779769666683
78.76779769666683
78.76779769666683
78.76779769666683
78.76779769666683
78.76779769666683
78.76779769666683
78.76779769666683
78.76779769666683
78.76779769666683
78.76779769666683
78.76779769666683
78.76779769666683
78.76779769666683
78.76779769666683
78.76779769666683
78.76779769666683
78.76779769666683
78.76779769666683
78.76779769666683
78.76779769666683
78.76779769666683
78.76779769666683
78.76779769666683
78.76779769666683
78.76779769666683
78.76779769666683
78.76779769666683
78.76779769666683
78.76779769666683
78.76779769666683
78.76779769666683
78.76779769666683
78.76779769666683
78.76779769666683
78.76779769666683
78.76779769666683
78.76779769666683
78.76779769666683
78.76779769666683
78.76779769666683
78.76779769666683
78.76779769666683
78.76779769666683
78.76779769666683
78.76779769666683
78.76779769666683
78.76779769666683
78.76779769666683
78.76779769666683
78.76779769666683
78.76779769666683
78.76779769666683
78.76779769666683
78.76779769666683
78.76779769666683
78.76779769666683
78.76779769666683
78.76779769666683
78.76779769666683
78.76779769666683
78.76779769666683
78.76779769666683
78.76779769666683
78.76779769666683
78.76779769666683
78.76779769666683
78.76779769666683
78.76779769666683
78.76779769666683
78.76779769666683
78.76779769666683
78.76779769666683
78.76779769666683
78.76779769666683
78.76779769666683
78.76779769666683
78.76779769666683
78.76779769666683
78.76779769666683
78.76779769666683
78.76779769666683
78.76779769666683
78.76779769666683
78.76779769666683
78.76779769666683
78.76779769666683
78.76779769666683
78.76779769666683
78.76779769666683
78.76779769666683
78.76779769666683
78.76779769666683
78.76779769666683
78.76779769666683
78.76779769666683
78.76779769666683
78.76779769666683
78.76779769666683
78.76779769666683
78.76779769666683
78.76779769666683
78.76779769666683
78.76779769666683
78.76779769666683
78.76779769666683
78.76779769666683
78.76779769666683
78.76779769666683
78.76779769666683
78.76779769666683
78.76779769666683
78.76779769666683
78.76779769666683
78.76779769666683
78.76779769666683
78.76779769666683
78.76779769666683
78.76779769666683
78.76779769666683
78.76779769666683
78.76779769666683
78.76779769666683
78.76779769666683
78.76779769666683
78.76779769666683
78.76779769666683
78.76779769666683
78.76779769666683
78.76779769666683
78.76779769666683
78.76779769666683
78.76779769666683
78.76779769666683
78.76779769666683
78.76779769666683
78.76779769666683
78.76779769666683
78.76779769666683
78.76779769666683
78.76779769666683
78.76779769666683
78.76779769666683
78.76779769666683
78.76779769666683
78.76779769666683
78.76779769666683
78.76779769666683
78.76779769666683
78.76779769666683
78.76779769666683
78.76779769666683
78.76779769666683
78.76779769666683
78.76779769666683
78.76779769666683
78.76779769666683
78.76779769666683
78.76779769666683
78.76779769666683
78.76779769666683
78.76779769666683
78.76779769666683
78.76779769666683
78.76779769666683
78.76779769666683
78.76779769666683
78.76779769666683
78.76779769666683
78.76779769666683
78.76779769666683
78.76779769666683
78.76779769666683
78.76779769666683
78.76779769666683
78.76779769666683
78.76779769666683
78.76779769666683
78.76779769666683
78.76779769666683
78.76779769666683
78.76779769666683
78.76779769666683
78.76779769666683
78.76779769666683
78.76779769666683
78.76779769666683
78.76779769666683
78.76779769666683
78.76779769666683
78.76779769666683
78.76779769666683
78.76779769666683
78.76779769666683
78.76779769666683
78.76779769666683
78.76779769666683
78.76779769666683
78.76779769666683
78.76779769666683
78.76779769666683
78.76779769666683
78.76779769666683
78.76779769666683
78.76779769666683
78.76779769666683
78.76779769666683
78.76779769666683
78.76779769666683
78.76779769666683
78.76779769666683
78.76779769666683
78.76779769666683
78.76779769666683
78.76779769666683
78.76779769666683
78.76779769666683
78.76779769666683
78.76779769666683
78.76779769666683
78.76779769666683
78.76779769666683
78.76779769666683
78.76779769666683
78.76779769666683
78.76779769666683
78.76779769666683
78.76779769666683
78.76779769666683
78.76779769666683
78.76779769666683
78.76779769666683
78.76779769666683
78.76779769666683
78.76779769666683
78.76779769666683
78.76779769666683
78.76779769666683
78.76779769666683
78.76779769666683
78.76779769666683
78.76779769666683
78.76779769666683
78.76779769666683
78.76779769666683
78.76779769666683
78.76779769666683
78.76779769666683
78.76779769666683
78.76779769666683
78.76779769666683
78.76779769666683
78.76779769666683
78.76779769666683
78.76779769666683
78.76779769666683
78.76779769666683
78.76779769666683
78.76779769666683
78.76779769666683
78.76779769666683
78.76779769666683
78.76779769666683
78.76779769666683
78.76779769666683
78.76779769666683
78.76779769666683
78.76779769666683
78.76779769666683
78.76779769666683
78.76779769666683
78.76779769666683
78.76779769666683
78.76779769666683
78.76779769666683
78.76779769666683
78.76779769666683
78.76779769666683
78.76779769666683
78.76779769666683
78.76779769666683
78.76779769666683
78.76779769666683
78.76779769666683
78.76779769666683
78.76779769666683
78.76779769666683
78.76779769666683
78.76779769666683
78.76779769666683
78.76779769666683
78.76779769666683
78.76779769666683
78.76779769666683
78.76779769666683
78.76779769666683
78.76779769666683
78.76779769666683
78.76779769666683
78.76779769666683
78.76779769666683
78.76779769666683
78.76779769666683
78.76779769666683
78.76779769666683
78.76779769666683
78.76779769666683
78.76779769666683
78.76779769666683
78.76779769666683
78.76779769666683
78.76779769666683
78.76779769666683
78.76779769666683
78.76779769666683
78.76779769666683
78.76779769666683
78.76779769666683
78.76779769666683
78.76779769666683
78.76779769666683
78.76779769666683
78.76779769666683
78.76779769666683
78.76779769666683
78.76779769666683
78.76779769666683
78.76779769666683
78.76779769666683
78.76779769666683
78.76779769666683
78.76779769666683
78.76779769666683
78.76779769666683
78.76779769666683
78.76779769666683
78.76779769666683
78.76779769666683
78.76779769666683
78.76779769666683
78.76779769666683
78.76779769666683
78.76779769666683
78.76779769666683
78.76779769666683
78.76779769666683
78.76779769666683
78.76779769666683
78.76779769666683
78.76779769666683
78.76779769666683
78.76779769666683
78.76779769666683
78.76779769666683
78.76779769666683
78.76779769666683
78.76779769666683
78.76779769666683
78.76779769666683
78.76779769666683
78.76779769666683
78.76779769666683
78.76779769666683
78.76779769666683
78.76779769666683
78.76779769666683
78.76779769666683
78.76779769666683
78.76779769666683
78.76779769666683
78.76779769666683
78.76779769666683
78.76779769666683
78.76779769666683
78.76779769666683
78.76779769666683
78.76779769666683
78.76779769666683
78.76779769666683
78.76779769666683
78.76779769666683
78.76779769666683
78.76779769666683
78.76779769666683
78.76779769666683
78.76779769666683
78.76779769666683
78.76779769666683
78.76779769666683
78.76779769666683
78.76779769666683
78.76779769666683
78.76779769666683
78.76779769666683
78.76779769666683
78.76779769666683
78.76779769666683
78.76779769666683
78.76779769666683
78.76779769666683
78.76779769666683
78.76779769666683
78.76779769666683
78.76779769666683
78.76779769666683
78.76779769666683
78.76779769666683
78.76779769666683
78.76779769666683
78.76779769666683
78.76779769666683
78.76779769666683
78.76779769666683
78.76779769666683
78.76779769666683
78.76779769666683
78.76779769666683
78.76779769666683
78.76779769666683
78.76779769666683
78.76779769666683
78.76779769666683
78.76779769666683
78.76779769666683
78.76779769666683
78.76779769666683
78.76779769666683
78.76779769666683
78.76779769666683
78.76779769666683
78.76779769666683
78.76779769666683
78.76779769666683
78.76779769666683
78.76779769666683
78.76779769666683
78.76779769666683
78.76779769666683
78.76779769666683
78.76779769666683
78.76779769666683
78.76779769666683
78.76779769666683
78.76779769666683
78.76779769666683
78.76779769666683
78.76779769666683
78.76779769666683
78.76779769666683
78.76779769666683
78.76779769666683
78.76779769666683
78.76779769666683
78.76779769666683
78.76779769666683
78.76779769666683
78.76779769666683
78.76779769666683
78.76779769666683
78.76779769666683
78.76779769666683
78.76779769666683
78.76779769666683
78.76779769666683
78.76779769666683
78.76779769666683
78.76779769666683
78.76779769666683
78.76779769666683
78.76779769666683
78.76779769666683
78.76779769666683
78.76779769666683
78.76779769666683
78.76779769666683
78.76779769666683
78.76779769666683
78.76779769666683
78.76779769666683
78.76779769666683
78.76779769666683
78.76779769666683
78.76779769666683
78.76779769666683
78.76779769666683
78.76779769666683
78.76779769666683
78.76779769666683
78.76779769666683
78.76779769666683
78.76779769666683
78.76779769666683
78.76779769666683
78.76779769666683
78.76779769666683
78.76779769666683
78.76779769666683
78.76779769666683
78.76779769666683
78.76779769666683
78.76779769666683
78.76779769666683
78.76779769666683
78.76779769666683
78.76779769666683
78.76779769666683
78.76779769666683
78.76779769666683
78.76779769666683
78.76779769666683
78.76779769666683
78.76779769666683
78.76779769666683
78.76779769666683
78.76779769666683
78.76779769666683
78.76779769666683
78.76779769666683
78.76779769666683
78.76779769666683
78.76779769666683
78.76779769666683
78.76779769666683
78.76779769666683
78.76779769666683
78.76779769666683
78.76779769666683
78.76779769666683
78.76779769666683
78.76779769666683
78.76779769666683
78.76779769666683
78.76779769666683
78.76779769666683
78.76779769666683
78.76779769666683
78.76779769666683
78.76779769666683
78.76779769666683
78.76779769666683
78.76779769666683
78.76779769666683
78.76779769666683
78.76779769666683
78.76779769666683
78.76779769666683
78.76779769666683
78.76779769666683
78.76779769666683
78.76779769666683
78.76779769666683
78.76779769666683
78.76779769666683
78.76779769666683
78.76779769666683
78.76779769666683
78.76779769666683
78.76779769666683
78.76779769666683
78.76779769666683
78.76779769666683
78.76779769666683
78.76779769666683
78.76779769666683
78.76779769666683
78.76779769666683
78.76779769666683
78.76779769666683
78.76779769666683
78.76779769666683
78.76779769666683
78.76779769666683
78.76779769666683
78.76779769666683
78.76779769666683
78.76779769666683
78.76779769666683
78.76779769666683
78.76779769666683
78.76779769666683
78.76779769666683
78.76779769666683
78.76779769666683
78.76779769666683
78.76779769666683
78.76779769666683
78.76779769666683
78.76779769666683
78.76779769666683
78.76779769666683
78.76779769666683
78.76779769666683
78.76779769666683
78.76779769666683
78.76779769666683
78.76779769666683
78.76779769666683
78.76779769666683
78.76779769666683
78.76779769666683
78.76779769666683
78.76779769666683
78.76779769666683
78.76779769666683
78.76779769666683
78.76779769666683
78.76779769666683
78.76779769666683
78.76779769666683
78.76779769666683
78.76779769666683
78.76779769666683
78.76779769666683
78.76779769666683
78.76779769666683
78.76779769666683
78.76779769666683
78.76779769666683
78.76779769666683
78.76779769666683
78.76779769666683
78.76779769666683
78.76779769666683
78.76779769666683
78.76779769666683
78.76779769666683
78.76779769666683
78.76779769666683
78.76779769666683
78.76779769666683
78.76779769666683
78.76779769666683
78.76779769666683
78.76779769666683
78.76779769666683
78.76779769666683
78.76779769666683
78.76779769666683
78.76779769666683
78.76779769666683
78.76779769666683
78.76779769666683
78.76779769666683
78.76779769666683
78.76779769666683
78.76779769666683
78.76779769666683
78.76779769666683
78.76779769666683
78.76779769666683
78.76779769666683
78.76779769666683
78.76779769666683
78.76779769666683
78.76779769666683
78.76779769666683
78.76779769666683
78.76779769666683
78.76779769666683
78.76779769666683
78.76779769666683
78.76779769666683
78.76779769666683
78.76779769666683
78.76779769666683
78.76779769666683
78.76779769666683
78.76779769666683
78.76779769666683
78.76779769666683
78.76779769666683
78.76779769666683
78.76779769666683
78.76779769666683
78.76779769666683
78.76779769666683
78.76779769666683
78.76779769666683
78.76779769666683
78.76779769666683
78.76779769666683
78.76779769666683
78.76779769666683
78.76779769666683
78.76779769666683
78.76779769666683
78.76779769666683
78.76779769666683
78.76779769666683
78.76779769666683
78.76779769666683
78.76779769666683
78.76779769666683
78.76779769666683
78.76779769666683
78.76779769666683
78.76779769666683
78.76779769666683
78.76779769666683
78.76779769666683
78.76779769666683
78.76779769666683
78.76779769666683
78.76779769666683
78.76779769666683
78.76779769666683
78.76779769666683
78.76779769666683
78.76779769666683
78.76779769666683
78.76779769666683
78.76779769666683
78.76779769666683
78.76779769666683
78.76779769666683
78.76779769666683
78.76779769666683
78.76779769666683
78.76779769666683
78.76779769666683
78.76779769666683
78.76779769666683
78.76779769666683
78.76779769666683
78.76779769666683
78.76779769666683
78.76779769666683
78.76779769666683
78.76779769666683
78.76779769666683
78.76779769666683
78.76779769666683
78.76779769666683
78.76779769666683
78.76779769666683
78.76779769666683
78.76779769666683
78.76779769666683
78.76779769666683
78.76779769666683
78.76779769666683
78.76779769666683
78.76779769666683
78.76779769666683
78.76779769666683
78.76779769666683
78.76779769666683
78.76779769666683
78.76779769666683
78.76779769666683
78.76779769666683
78.76779769666683
78.76779769666683
78.76779769666683
78.76779769666683
78.76779769666683
78.76779769666683
78.76779769666683
78.76779769666683
78.76779769666683
78.76779769666683
78.76779769666683
78.76779769666683
78.76779769666683
78.76779769666683
78.76779769666683
78.76779769666683
78.76779769666683
78.76779769666683
78.76779769666683
78.76779769666683
78.76779769666683
78.76779769666683
78.76779769666683
78.76779769666683
78.76779769666683
78.76779769666683
78.76779769666683
78.76779769666683
78.76779769666683
78.76779769666683
78.76779769666683
78.76779769666683
78.76779769666683
78.76779769666683
78.76779769666683
78.76779769666683
78.76779769666683
78.76779769666683
78.76779769666683
78.76779769666683
78.76779769666683
78.76779769666683
78.76779769666683
78.76779769666683
78.76779769666683
78.76779769666683
78.76779769666683
78.76779769666683
78.76779769666683
78.76779769666683
78.76779769666683
78.76779769666683
78.76779769666683
78.76779769666683
78.76779769666683
78.76779769666683
78.76779769666683
78.76779769666683
78.76779769666683
78.76779769666683
78.76779769666683
78.76779769666683
78.76779769666683
78.76779769666683
78.76779769666683
78.76779769666683
78.76779769666683
78.76779769666683
78.76779769666683
78.76779769666683
78.76779769666683
78.76779769666683
78.76779769666683
78.76779769666683
78.76779769666683
78.76779769666683
78.76779769666683
78.76779769666683
78.76779769666683
78.76779769666683
78.76779769666683
78.76779769666683
78.76779769666683
78.76779769666683
78.76779769666683
78.76779769666683
78.76779769666683
78.76779769666683
78.76779769666683
78.76779769666683
78.76779769666683
78.76779769666683
78.76779769666683
78.76779769666683
78.76779769666683
78.76779769666683
78.76779769666683
78.76779769666683
78.76779769666683
78.76779769666683
78.76779769666683
78.76779769666683
78.76779769666683
78.76779769666683
78.76779769666683
78.76779769666683
78.76779769666683
78.76779769666683
78.76779769666683
78.76779769666683
78.76779769666683
78.76779769666683
78.76779769666683
78.76779769666683
78.76779769666683
78.76779769666683
78.76779769666683
78.76779769666683
78.76779769666683
78.76779769666683
78.76779769666683
78.76779769666683
78.76779769666683
78.76779769666683
78.76779769666683
78.76779769666683
78.76779769666683
78.76779769666683
78.76779769666683
78.76779769666683
78.76779769666683
78.76779769666683
78.76779769666683
78.76779769666683
78.76779769666683
78.76779769666683
78.76779769666683
78.76779769666683
78.76779769666683
78.76779769666683
78.76779769666683
78.76779769666683
78.76779769666683
78.76779769666683
78.76779769666683
78.76779769666683
78.76779769666683
78.76779769666683
78.76779769666683
78.76779769666683
78.76779769666683
78.76779769666683
78.76779769666683
78.76779769666683
78.76779769666683
78.76779769666683
78.76779769666683
78.76779769666683
78.76779769666683
78.76779769666683
78.76779769666683
78.76779769666683
78.76779769666683
78.76779769666683
78.76779769666683
78.76779769666683
78.76779769666683
78.76779769666683
78.76779769666683
78.76779769666683
78.76779769666683
78.76779769666683
78.76779769666683
78.76779769666683
78.76779769666683
78.76779769666683
78.76779769666683
78.76779769666683
78.76779769666683
78.76779769666683
78.76779769666683
78.76779769666683
78.76779769666683
78.76779769666683
78.76779769666683
78.76779769666683
78.76779769666683
78.76779769666683
78.76779769666683
78.76779769666683
78.76779769666683
78.76779769666683
78.76779769666683
78.76779769666683
78.76779769666683
78.76779769666683
78.76779769666683
78.76779769666683
78.76779769666683
78.76779769666683
78.76779769666683
78.76779769666683
78.76779769666683
78.76779769666683
78.76779769666683
78.76779769666683
78.76779769666683
78.76779769666683
78.76779769666683
78.76779769666683
78.76779769666683
78.76779769666683
78.76779769666683
78.76779769666683
78.76779769666683
78.76779769666683
78.76779769666683
78.76779769666683
78.76779769666683
78.76779769666683
78.76779769666683
78.76779769666683
78.76779769666683
78.76779769666683
78.76779769666683
78.76779769666683
78.76779769666683
78.76779769666683
78.76779769666683
78.76779769666683
78.76779769666683
78.76779769666683
78.76779769666683
78.76779769666683
78.76779769666683
78.76779769666683
78.76779769666683
78.76779769666683
78.76779769666683
78.76779769666683
78.76779769666683
78.76779769666683
78.76779769666683
78.76779769666683
78.76779769666683
78.76779769666683
78.76779769666683
78.76779769666683
78.76779769666683
78.76779769666683
78.76779769666683
78.76779769666683
78.76779769666683
78.76779769666683
78.76779769666683
78.76779769666683
78.76779769666683
78.76779769666683
78.76779769666683
78.76779769666683
78.76779769666683
78.76779769666683
78.76779769666683
78.76779769666683
78.76779769666683
78.76779769666683
78.76779769666683
78.76779769666683
78.76779769666683
78.76779769666683
78.76779769666683
78.76779769666683
78.76779769666683
78.76779769666683
78.76779769666683
78.76779769666683
78.76779769666683
78.76779769666683
78.76779769666683
78.76779769666683
78.76779769666683
78.76779769666683
78.76779769666683
78.76779769666683
78.76779769666683
78.76779769666683
78.76779769666683
78.76779769666683
78.76779769666683
78.76779769666683
78.76779769666683
78.76779769666683
78.76779769666683
78.76779769666683
78.76779769666683
78.76779769666683
78.76779769666683
78.76779769666683
78.76779769666683
78.76779769666683
78.76779769666683
78.76779769666683
78.76779769666683
78.76779769666683
78.76779769666683
78.76779769666683
78.76779769666683
78.76779769666683
78.76779769666683
78.76779769666683
78.76779769666683
78.76779769666683
78.76779769666683
78.76779769666683
78.76779769666683
78.76779769666683
78.76779769666683
78.76779769666683
78.76779769666683
78.76779769666683
78.76779769666683
78.76779769666683
78.76779769666683
78.76779769666683
78.76779769666683
78.76779769666683
78.76779769666683
78.76779769666683
78.76779769666683
78.76779769666683
78.76779769666683
78.76779769666683
78.76779769666683
78.76779769666683
78.76779769666683
78.76779769666683
78.76779769666683
78.76779769666683
78.76779769666683
78.76779769666683
78.76779769666683
78.76779769666683
78.76779769666683
78.76779769666683
78.76779769666683
78.76779769666683
78.76779769666683
78.76779769666683
78.76779769666683
78.76779769666683
78.76779769666683
78.76779769666683
78.76779769666683
78.76779769666683
78.76779769666683
78.76779769666683
78.76779769666683
78.76779769666683
78.76779769666683
78.76779769666683
78.76779769666683
78.76779769666683
78.76779769666683
78.76779769666683
78.76779769666683
78.76779769666683
78.76779769666683
78.76779769666683
78.76779769666683
78.76779769666683
78.76779769666683
78.76779769666683
78.76779769666683
78.76779769666683
78.76779769666683
78.76779769666683
78.76779769666683
78.76779769666683
78.76779769666683
78.76779769666683
78.76779769666683
78.76779769666683
78.76779769666683
78.76779769666683
78.76779769666683
78.76779769666683
78.76779769666683
78.76779769666683
78.76779769666683
78.76779769666683
78.76779769666683
78.76779769666683
78.76779769666683
78.76779769666683
78.76779769666683
78.76779769666683
78.76779769666683
78.76779769666683
78.76779769666683
78.76779769666683
78.76779769666683
78.76779769666683
78.76779769666683
78.76779769666683
78.76779769666683
78.76779769666683
78.76779769666683
78.76779769666683
78.76779769666683
78.76779769666683
78.76779769666683
78.76779769666683
78.76779769666683
78.76779769666683
78.76779769666683
78.76779769666683
78.76779769666683
78.76779769666683
78.76779769666683
78.76779769666683
78.76779769666683
78.76779769666683
78.76779769666683
78.76779769666683
78.76779769666683
78.76779769666683
78.76779769666683
78.76779769666683
78.76779769666683
78.76779769666683
78.76779769666683
78.76779769666683
78.76779769666683
78.76779769666683
78.76779769666683
78.76779769666683
78.76779769666683
78.76779769666683
78.76779769666683
78.76779769666683
78.76779769666683
78.76779769666683
78.76779769666683
78.76779769666683
78.76779769666683
78.76779769666683
78.76779769666683
78.76779769666683
78.76779769666683
78.76779769666683
78.76779769666683
78.76779769666683
78.76779769666683
78.76779769666683
78.76779769666683
78.76779769666683
78.76779769666683
78.76779769666683
78.76779769666683
78.76779769666683
78.76779769666683
78.76779769666683
78.76779769666683
78.76779769666683
78.76779769666683
78.76779769666683
78.76779769666683
78.76779769666683
78.76779769666683
78.76779769666683
78.76779769666683
78.76779769666683
78.76779769666683
78.76779769666683
78.76779769666683
78.76779769666683
78.76779769666683
78.76779769666683
78.76779769666683
78.76779769666683
78.76779769666683
78.76779769666683
78.76779769666683
78.76779769666683
78.76779769666683
78.76779769666683
78.76779769666683
78.76779769666683
78.76779769666683
78.76779769666683
78.76779769666683
78.76779769666683
78.76779769666683
78.76779769666683
78.76779769666683
78.76779769666683
78.76779769666683
78.76779769666683
78.76779769666683
78.76779769666683
78.76779769666683
78.76779769666683
78.76779769666683
78.76779769666683
78.76779769666683
78.76779769666683
78.76779769666683
78.76779769666683
78.76779769666683
78.76779769666683
78.76779769666683
78.76779769666683
78.76779769666683
78.76779769666683
78.76779769666683
78.76779769666683
78.76779769666683
78.76779769666683
78.76779769666683
78.76779769666683
78.76779769666683
78.76779769666683
78.76779769666683
78.76779769666683
78.76779769666683
78.76779769666683
78.76779769666683
78.76779769666683
78.76779769666683
78.76779769666683
78.76779769666683
78.76779769666683
78.76779769666683
78.76779769666683
78.76779769666683
78.76779769666683
78.76779769666683
78.76779769666683
78.76779769666683
78.76779769666683
78.76779769666683
78.76779769666683
78.76779769666683
78.76779769666683
78.76779769666683
78.76779769666683
78.76779769666683
78.76779769666683
78.76779769666683
78.76779769666683
78.76779769666683
78.76779769666683
78.76779769666683
78.76779769666683
78.76779769666683
78.76779769666683
78.76779769666683
78.76779769666683
78.76779769666683
78.76779769666683
78.76779769666683
78.76779769666683
78.76779769666683
78.76779769666683
78.76779769666683
78.76779769666683
78.76779769666683
78.76779769666683
78.76779769666683
78.76779769666683
78.76779769666683
78.76779769666683
78.76779769666683
78.76779769666683
78.76779769666683
78.76779769666683
78.76779769666683
78.76779769666683
78.76779769666683
78.76779769666683
78.76779769666683
78.76779769666683
78.76779769666683
78.76779769666683
78.76779769666683
78.76779769666683
78.76779769666683
78.76779769666683
78.76779769666683
78.76779769666683
78.76779769666683
78.76779769666683
78.76779769666683
78.76779769666683
78.76779769666683
78.76779769666683
78.76779769666683
78.76779769666683
78.76779769666683
78.76779769666683
78.76779769666683
78.76779769666683
78.76779769666683
78.76779769666683
78.76779769666683
78.76779769666683
78.76779769666683
78.76779769666683
78.76779769666683
78.76779769666683
78.76779769666683
78.76779769666683
78.76779769666683
78.76779769666683
78.76779769666683
78.76779769666683
78.76779769666683
78.76779769666683
78.76779769666683
78.76779769666683
78.76779769666683
78.76779769666683
78.76779769666683
78.76779769666683
78.76779769666683
78.76779769666683
78.76779769666683
78.76779769666683
78.76779769666683
78.76779769666683
78.76779769666683
78.76779769666683
78.76779769666683
78.76779769666683
78.76779769666683
78.76779769666683
78.76779769666683
78.76779769666683
78.76779769666683
78.76779769666683
78.76779769666683
78.76779769666683
78.76779769666683
78.76779769666683
78.76779769666683
78.76779769666683
78.76779769666683
78.76779769666683
78.76779769666683
78.76779769666683
78.76779769666683
78.76779769666683
78.76779769666683
78.76779769666683
78.76779769666683
78.76779769666683
78.76779769666683
78.76779769666683
78.76779769666683
78.76779769666683
78.76779769666683
78.76779769666683
78.76779769666683
78.76779769666683
78.76779769666683
78.76779769666683
78.76779769666683
78.76779769666683
78.76779769666683
78.76779769666683
78.76779769666683
78.76779769666683
78.76779769666683
78.76779769666683
78.76779769666683
78.76779769666683
78.76779769666683
78.76779769666683
78.76779769666683
78.76779769666683
78.76779769666683
78.76779769666683
78.76779769666683
78.76779769666683
78.76779769666683
78.76779769666683
78.76779769666683
78.76779769666683
78.76779769666683
78.76779769666683
78.76779769666683
78.76779769666683
78.76779769666683
78.76779769666683
78.76779769666683
78.76779769666683
78.76779769666683
78.76779769666683
78.76779769666683
78.76779769666683
78.76779769666683
78.76779769666683
78.76779769666683
78.76779769666683
78.76779769666683
78.76779769666683
78.76779769666683
78.76779769666683
78.76779769666683
78.76779769666683
78.76779769666683
78.76779769666683
78.76779769666683
78.76779769666683
78.76779769666683
78.76779769666683
78.76779769666683
78.76779769666683
78.76779769666683
78.76779769666683
78.76779769666683
78.76779769666683
78.76779769666683
78.76779769666683
78.76779769666683
78.76779769666683
78.76779769666683
78.76779769666683
78.76779769666683
78.76779769666683
78.76779769666683
78.76779769666683
78.76779769666683
78.76779769666683
78.76779769666683
78.76779769666683
78.76779769666683
78.76779769666683
78.76779769666683
78.76779769666683
78.76779769666683
78.76779769666683
78.76779769666683
78.76779769666683
78.76779769666683
78.76779769666683
78.76779769666683
78.76779769666683
78.76779769666683
78.76779769666683
78.76779769666683
78.76779769666683
78.76779769666683
78.76779769666683
78.76779769666683
78.76779769666683
78.76779769666683
78.76779769666683
78.76779769666683
78.76779769666683
78.76779769666683
78.76779769666683
78.76779769666683
78.76779769666683
78.76779769666683
78.76779769666683
78.76779769666683
78.76779769666683
78.76779769666683
78.76779769666683
78.76779769666683
78.76779769666683
78.76779769666683
78.76779769666683
78.76779769666683
78.76779769666683
78.76779769666683
78.76779769666683
78.76779769666683
78.76779769666683
78.76779769666683
78.76779769666683
78.76779769666683
78.76779769666683
78.76779769666683
78.76779769666683
78.76779769666683
78.76779769666683
78.76779769666683
78.76779769666683
78.76779769666683
78.76779769666683
78.76779769666683
78.76779769666683
78.76779769666683
78.76779769666683
78.76779769666683
78.76779769666683
78.76779769666683
78.76779769666683
78.76779769666683
78.76779769666683
78.76779769666683
78.76779769666683
78.76779769666683
78.76779769666683
78.76779769666683
78.76779769666683
78.76779769666683
78.76779769666683
78.76779769666683
78.76779769666683
78.76779769666683
78.76779769666683
78.76779769666683
78.76779769666683
78.76779769666683
78.76779769666683
78.76779769666683
78.76779769666683
78.76779769666683
78.76779769666683
78.76779769666683
78.76779769666683
78.76779769666683
78.76779769666683
78.76779769666683
78.76779769666683
78.76779769666683
78.76779769666683
78.76779769666683
78.76779769666683
78.76779769666683
78.76779769666683
78.76779769666683
78.76779769666683
78.76779769666683
78.76779769666683
78.76779769666683
78.76779769666683
78.76779769666683
78.76779769666683
78.76779769666683
78.76779769666683
78.76779769666683
78.76779769666683
78.76779769666683
78.76779769666683
78.76779769666683
78.76779769666683
78.76779769666683
78.76779769666683
78.76779769666683
78.76779769666683
78.76779769666683
78.76779769666683
78.76779769666683
78.76779769666683
78.76779769666683
78.76779769666683
78.76779769666683
78.76779769666683
78.76779769666683
78.76779769666683
78.76779769666683
78.76779769666683
78.76779769666683
78.76779769666683
78.76779769666683
78.76779769666683
78.76779769666683
78.76779769666683
78.76779769666683
78.76779769666683
78.76779769666683
78.76779769666683
78.76779769666683
78.76779769666683
78.76779769666683
78.76779769666683
78.76779769666683
78.76779769666683
78.76779769666683
78.76779769666683
78.76779769666683
78.76779769666683
78.76779769666683
78.76779769666683
78.76779769666683
78.76779769666683
78.76779769666683
78.76779769666683
78.76779769666683
78.76779769666683
78.76779769666683
78.76779769666683
78.76779769666683
78.76779769666683
78.76779769666683
78.76779769666683
78.76779769666683
78.76779769666683
78.76779769666683
78.76779769666683
78.76779769666683
78.76779769666683
78.76779769666683
78.76779769666683
78.76779769666683
78.76779769666683
78.76779769666683
78.76779769666683
78.76779769666683
78.76779769666683
78.76779769666683
78.76779769666683
78.76779769666683
78.76779769666683
78.76779769666683
78.76779769666683
78.76779769666683
78.76779769666683
78.76779769666683
78.76779769666683
78.76779769666683
78.76779769666683
78.76779769666683
78.76779769666683
78.76779769666683
78.76779769666683
78.76779769666683
78.76779769666683
78.76779769666683
78.76779769666683
78.76779769666683
78.76779769666683
78.76779769666683
78.76779769666683
78.76779769666683
78.76779769666683
78.76779769666683
78.76779769666683
78.76779769666683
78.76779769666683
78.76779769666683
78.76779769666683
78.76779769666683
78.76779769666683
78.76779769666683
78.76779769666683
78.76779769666683
78.76779769666683
78.76779769666683
78.76779769666683
78.76779769666683
78.76779769666683
78.76779769666683
78.76779769666683
78.76779769666683
78.76779769666683
78.76779769666683
78.76779769666683
78.76779769666683
78.76779769666683
78.76779769666683
78.76779769666683
78.76779769666683
78.76779769666683
78.76779769666683
78.76779769666683
78.76779769666683
78.76779769666683
78.76779769666683
78.76779769666683
78.76779769666683
78.76779769666683
78.76779769666683
78.76779769666683
78.76779769666683
78.76779769666683
78.76779769666683
78.76779769666683
78.76779769666683
78.76779769666683
78.76779769666683
78.76779769666683
78.76779769666683
78.76779769666683
78.76779769666683
78.76779769666683
78.76779769666683
78.76779769666683
78.76779769666683
78.76779769666683
78.76779769666683
78.76779769666683
78.76779769666683
78.76779769666683
78.76779769666683
78.76779769666683
78.76779769666683
78.76779769666683
78.76779769666683
78.76779769666683
78.76779769666683
78.76779769666683
78.76779769666683
78.76779769666683
78.76779769666683
78.76779769666683
78.76779769666683
78.76779769666683
78.76779769666683
78.76779769666683
78.76779769666683
78.76779769666683
78.76779769666683
78.76779769666683
78.76779769666683
78.76779769666683
78.76779769666683
78.76779769666683
78.76779769666683
78.76779769666683
78.76779769666683
78.76779769666683
78.76779769666683
78.76779769666683
78.76779769666683
78.76779769666683
78.76779769666683
78.76779769666683
78.76779769666683
78.76779769666683
78.76779769666683
78.76779769666683
78.76779769666683
78.76779769666683
78.76779769666683
78.76779769666683
78.76779769666683
78.76779769666683
78.76779769666683
78.76779769666683
78.76779769666683
78.76779769666683
78.76779769666683
78.76779769666683
78.76779769666683
78.76779769666683
78.76779769666683
78.76779769666683
78.76779769666683
78.76779769666683
78.76779769666683
78.76779769666683
78.76779769666683
78.76779769666683
78.76779769666683
78.76779769666683
78.76779769666683
78.76779769666683
78.76779769666683
78.76779769666683
78.76779769666683
78.76779769666683
78.76779769666683
78.76779769666683
78.76779769666683
78.76779769666683
78.76779769666683
78.76779769666683
78.76779769666683
78.76779769666683
78.76779769666683
78.76779769666683
78.76779769666683
78.76779769666683
78.76779769666683
78.76779769666683
78.76779769666683
78.76779769666683
78.76779769666683
78.76779769666683
78.76779769666683
78.76779769666683
78.76779769666683
78.76779769666683
78.76779769666683
78.76779769666683
78.76779769666683
78.76779769666683
78.76779769666683
78.76779769666683
78.76779769666683
78.76779769666683
78.76779769666683
78.76779769666683
78.76779769666683
78.76779769666683
78.76779769666683
78.76779769666683
78.76779769666683
78.76779769666683
78.76779769666683
78.76779769666683
78.76779769666683
78.76779769666683
78.76779769666683
78.76779769666683
78.76779769666683
78.76779769666683
78.76779769666683
78.76779769666683
78.76779769666683
78.76779769666683
78.76779769666683
78.76779769666683
78.76779769666683
78.76779769666683
78.76779769666683
78.76779769666683
78.76779769666683
78.76779769666683
78.76779769666683
78.76779769666683
78.76779769666683
78.76779769666683
78.76779769666683
78.76779769666683
78.76779769666683
78.76779769666683
78.76779769666683
78.76779769666683
78.76779769666683
78.76779769666683
78.76779769666683
78.76779769666683
78.76779769666683
78.76779769666683
78.76779769666683
78.76779769666683
78.76779769666683
78.76779769666683
78.76779769666683
78.76779769666683
78.76779769666683
78.76779769666683
78.76779769666683
78.76779769666683
78.76779769666683
78.76779769666683
78.76779769666683
78.76779769666683
78.76779769666683
78.76779769666683
78.76779769666683
78.76779769666683
78.76779769666683
78.76779769666683
78.76779769666683
78.76779769666683
78.76779769666683
78.76779769666683
78.76779769666683
78.76779769666683
78.76779769666683
78.76779769666683
78.76779769666683
78.76779769666683
78.76779769666683
78.76779769666683
78.76779769666683
78.76779769666683
78.76779769666683
78.76779769666683
78.76779769666683
78.76779769666683
78.76779769666683
78.76779769666683
78.76779769666683
78.76779769666683
78.76779769666683
78.76779769666683
78.76779769666683
78.76779769666683
78.76779769666683
78.76779769666683
78.76779769666683
78.76779769666683
78.76779769666683
78.76779769666683
78.76779769666683
78.76779769666683
78.76779769666683
78.76779769666683
78.76779769666683
78.76779769666683
78.76779769666683
78.76779769666683
78.76779769666683
78.76779769666683
78.76779769666683
78.76779769666683
78.76779769666683
78.76779769666683
78.76779769666683
78.76779769666683
78.76779769666683
78.76779769666683
78.76779769666683
78.76779769666683
78.76779769666683
78.76779769666683
78.76779769666683
78.76779769666683
78.76779769666683
78.76779769666683
78.76779769666683
78.76779769666683
78.76779769666683
78.76779769666683
78.76779769666683
78.76779769666683
78.76779769666683
78.76779769666683
78.76779769666683
78.76779769666683
78.76779769666683
78.76779769666683
78.76779769666683
78.76779769666683
78.76779769666683
78.76779769666683
78.76779769666683
78.76779769666683
78.76779769666683
78.76779769666683
78.76779769666683
78.76779769666683
78.76779769666683
78.76779769666683
78.76779769666683
78.76779769666683
78.76779769666683
78.76779769666683
78.76779769666683
78.76779769666683
78.76779769666683
78.76779769666683
78.76779769666683
78.76779769666683
78.76779769666683
78.76779769666683
78.76779769666683
78.76779769666683
78.76779769666683
78.76779769666683
78.76779769666683
78.76779769666683
78.76779769666683
78.76779769666683
78.76779769666683
78.76779769666683
78.76779769666683
78.76779769666683
78.76779769666683
78.76779769666683
78.76779769666683
78.76779769666683
78.76779769666683
78.76779769666683
78.76779769666683
78.76779769666683
78.76779769666683
78.76779769666683
78.76779769666683
78.76779769666683
78.76779769666683
78.76779769666683
78.76779769666683
78.76779769666683
78.76779769666683
78.76779769666683
78.76779769666683
78.76779769666683
78.76779769666683
78.76779769666683
78.76779769666683
78.76779769666683
78.76779769666683
78.76779769666683
78.76779769666683
78.76779769666683
78.76779769666683
78.76779769666683
78.76779769666683
78.76779769666683
78.76779769666683
78.76779769666683
78.76779769666683
78.76779769666683
78.76779769666683
78.76779769666683
78.76779769666683
78.76779769666683
78.76779769666683
78.76779769666683
78.76779769666683
78.76779769666683
78.76779769666683
78.76779769666683
78.76779769666683
78.76779769666683
78.76779769666683
78.76779769666683
78.76779769666683
78.76779769666683
78.76779769666683
78.76779769666683
78.76779769666683
78.76779769666683
78.76779769666683
78.76779769666683
78.76779769666683
78.76779769666683
78.76779769666683
78.76779769666683
78.76779769666683
78.76779769666683
78.76779769666683
78.76779769666683
78.76779769666683
78.76779769666683
78.76779769666683
78.76779769666683
78.76779769666683
78.76779769666683
78.76779769666683
78.76779769666683
78.76779769666683
78.76779769666683
78.76779769666683
78.76779769666683
78.76779769666683
78.76779769666683
78.76779769666683
78.76779769666683
78.76779769666683
78.76779769666683
78.76779769666683
78.76779769666683
78.76779769666683
78.76779769666683
78.76779769666683
78.76779769666683
78.76779769666683
78.76779769666683
78.76779769666683
78.76779769666683
78.76779769666683
78.76779769666683
78.76779769666683
78.76779769666683
78.76779769666683
78.76779769666683
78.76779769666683
78.76779769666683
78.76779769666683
78.76779769666683
78.76779769666683
78.76779769666683
78.76779769666683
78.76779769666683
78.76779769666683
78.76779769666683
78.76779769666683
78.76779769666683
78.76779769666683
78.76779769666683
78.76779769666683
78.76779769666683
78.76779769666683
78.76779769666683
78.76779769666683
78.76779769666683
78.76779769666683
78.76779769666683
78.76779769666683
78.76779769666683
78.76779769666683
78.76779769666683
78.76779769666683
78.76779769666683
78.76779769666683
78.76779769666683
78.76779769666683
78.76779769666683
78.76779769666683
78.76779769666683
78.76779769666683
78.76779769666683
78.76779769666683
78.76779769666683
78.76779769666683
78.76779769666683
78.76779769666683
78.76779769666683
78.76779769666683
78.76779769666683
78.76779769666683
78.76779769666683
78.76779769666683
78.76779769666683
78.76779769666683
78.76779769666683
78.76779769666683
78.76779769666683
78.76779769666683
78.76779769666683
78.76779769666683
78.76779769666683
78.76779769666683
78.76779769666683
78.76779769666683
78.76779769666683
78.76779769666683
78.76779769666683
78.76779769666683
78.76779769666683
78.76779769666683
78.76779769666683
78.76779769666683
78.76779769666683
78.76779769666683
78.76779769666683
78.76779769666683
78.76779769666683
78.76779769666683
78.76779769666683
78.76779769666683
78.76779769666683
78.76779769666683
78.76779769666683
78.76779769666683
78.76779769666683
78.76779769666683
78.76779769666683
78.76779769666683
78.76779769666683
78.76779769666683
78.76779769666683
78.76779769666683
78.76779769666683
78.76779769666683
78.76779769666683
78.76779769666683
78.76779769666683
78.76779769666683
78.76779769666683
78.76779769666683
78.76779769666683
78.76779769666683
78.76779769666683
78.76779769666683
78.76779769666683
78.76779769666683
78.76779769666683
78.76779769666683
78.76779769666683
78.76779769666683
78.76779769666683
78.76779769666683
78.76779769666683
78.76779769666683
78.76779769666683
78.76779769666683
78.76779769666683
78.76779769666683
78.76779769666683
78.76779769666683
78.76779769666683
78.76779769666683
78.76779769666683
78.76779769666683
78.76779769666683
78.76779769666683
78.76779769666683
78.76779769666683
78.76779769666683
78.76779769666683
78.76779769666683
78.76779769666683
78.76779769666683
78.76779769666683
78.76779769666683
78.76779769666683
78.76779769666683
78.76779769666683
78.76779769666683
78.76779769666683
78.76779769666683
78.76779769666683
78.76779769666683
78.76779769666683
78.76779769666683
78.76779769666683
78.76779769666683
78.76779769666683
78.76779769666683
78.76779769666683
78.76779769666683
78.76779769666683
78.76779769666683
78.76779769666683
78.76779769666683
78.76779769666683
78.76779769666683
78.76779769666683
78.76779769666683
78.76779769666683
78.76779769666683
78.76779769666683
78.76779769666683
78.76779769666683
78.76779769666683
78.76779769666683
78.76779769666683
78.76779769666683
78.76779769666683
78.76779769666683
78.76779769666683
78.76779769666683
78.76779769666683
78.76779769666683
78.76779769666683
78.76779769666683
78.76779769666683
78.76779769666683
78.76779769666683
78.76779769666683
78.76779769666683
78.76779769666683
78.76779769666683
78.76779769666683
78.76779769666683
78.76779769666683
78.76779769666683
78.76779769666683
78.76779769666683
78.76779769666683
78.76779769666683
78.76779769666683
78.76779769666683
78.76779769666683
78.76779769666683
78.76779769666683
78.76779769666683
78.76779769666683
78.76779769666683
78.76779769666683
78.76779769666683
78.76779769666683
78.76779769666683
78.76779769666683
78.76779769666683
78.76779769666683
78.76779769666683
78.76779769666683
78.76779769666683
78.76779769666683
78.76779769666683
78.76779769666683
78.76779769666683
78.76779769666683
78.76779769666683
78.76779769666683
78.76779769666683
78.76779769666683
78.76779769666683
78.76779769666683
78.76779769666683
78.76779769666683
78.76779769666683
78.76779769666683
78.76779769666683
78.76779769666683
78.76779769666683
78.76779769666683
78.76779769666683
78.76779769666683
78.76779769666683
78.76779769666683
78.76779769666683
78.76779769666683
78.76779769666683
78.76779769666683
78.76779769666683
78.76779769666683
78.76779769666683
78.76779769666683
78.76779769666683
78.76779769666683
78.76779769666683
78.76779769666683
78.76779769666683
78.76779769666683
78.76779769666683
78.76779769666683
78.76779769666683
78.76779769666683
78.76779769666683
78.76779769666683
78.76779769666683
78.76779769666683
78.76779769666683
78.76779769666683
78.76779769666683
78.76779769666683
78.76779769666683
78.76779769666683
78.76779769666683
78.76779769666683
78.76779769666683
78.76779769666683
78.76779769666683
78.76779769666683
78.76779769666683
78.76779769666683
78.76779769666683
78.76779769666683
78.76779769666683
78.76779769666683
78.76779769666683
