349.02553983
347.010417754
347.010417754
347.010417754
346.982931204
333.84196446
330.948949168
330.948949168
330.948949168
327.937127331
305.394561987
305.394561987
296.626574613
296.626574613
296.626574613
268.210570073
268.210570073
268.210570073
245.009496866
245.009496866
245.009496866
245.009496866
222.298804495
215.492312662
215.492312662
211.921595924
202.161207234
194.003209274
191.315679713
188.928695298
187.065741437
185.369696831
181.270176222
173.922634004
165.737742729
164.228862093
157.977591993
157.758898213
156.312252975
154.422202927
154.358163072
153.387767205
153.010208768
152.521092766
151.106329584
149.746194159
149.35278191
149.163980745
148.634962755
148.33434915
148.102380663
147.702655245
147.515153681
147.251365764
147.016756785
146.77380115
146.670890489
146.46514143
146.263825431
146.096254094
145.940324368
145.799383739
145.73521747
145.680501843
145.664538964
145.645566938
145.629075679
145.611318657
145.590047183
145.561452048
145.545949951
145.528467956
145.497348461
145.467884787
145.442552921
145.426501986
145.406520129
145.395107462
145.369693121
145.357583556
145.341039262
145.334717976
145.334717976
145.334712383
145.334102075
145.333662304
145.333058623
145.332344165
145.331800667
145.331043216
145.329717428
145.328920969
145.328074191
145.327393314
145.326002564
145.32481507
145.32286324
145.320928877
145.319200715
145.317906953
145.315802159
145.31338261
145.311279076
145.309112726
145.305807973
145.301991027
145.296534397
145.290820014
145.287472032
145.28375302
145.279798929
145.276160962
145.272065518
145.269089555
145.267701136
145.267695118
145.267694914
145.267694225
145.267694207
145.267694207
145.267693196
145.267693103
145.267692661
145.267692523
145.267692446
145.267692284
145.267692029
145.267691527
145.267690727
145.267689253
145.267688652
145.267687614
145.267686441
145.267684706
145.267683246
145.267682157
145.267681046
145.267680101
145.267678397
145.267676445
145.267674467
145.267672214
145.267669105
145.267666022
145.267663114
145.26765916
145.267653093
145.2676477
145.267642551
145.267638075
145.267634327
145.267623515
145.267611768
145.26760331
145.267589579
145.267575319
145.267567498
145.267546584
145.267522213
145.267493887
145.26746527
145.267444488
145.2674217
145.267385152
145.267360001
145.267342602
145.267316021
145.267285236
145.267246553
145.267192789
145.267136432
145.267086057
145.267028707
145.267004412
145.266967131
145.266921458
145.266872855
145.266835101
145.266786691
145.266743033
145.266686757
145.266620579
145.266588456
145.266514297
145.266445522
145.266423132
145.266422117
145.266422117
145.266422117
145.266422116
145.266422116
145.266422116
145.266422115
145.266422115
145.266422115
145.266422115
145.266422115
145.266422115
145.266422115
145.266422115
145.266422115
145.266422115
145.266422115
145.266422115
145.266422115
145.266422115
145.266422115
145.266422115
145.266422115
145.266422115
145.266422115
145.266422115
145.266422115
145.266422115
145.266422115
145.266422115
145.266422115
145.266422115
145.266422115
145.266422115
145.266422115
145.266422115
145.266422115
145.266422115
145.266422115
145.266422115
145.266422115
145.266422115
145.266422115
145.266422115
145.266422115
145.266422115
145.266422115
145.266422115
145.266422115
145.266422115
145.266422115
145.266422115
145.266422115
145.266422115
145.266422115
145.266422115
145.266422115
145.266422115
145.266422115
145.266422115
145.266422115
145.266422115
145.266422115
145.266422115
145.266422115
145.266422115
145.266422115
145.266422115
145.266422115
145.266422115
145.266422115
145.266422115
145.266422115
145.266422115
145.266422115
145.266422115
145.266422115
145.266422115
145.266422115
145.266422115
145.266422115
145.266422115
145.266422115
145.266422115
145.266422115
145.266422114
145.266422114
145.266422114
145.266422114
145.266422114
145.266422114
145.266422114
145.266422114
145.266422114
145.266422114
145.266422114
145.266422114
145.266422114
145.266422114
145.266422114
145.266422114
145.266422114
145.266422113
145.266422113
145.266422113
145.266422113
145.266422113
145.266422113
145.266422112
145.266422112
145.266422112
145.266422112
145.266422111
145.266422111
145.266422111
145.266422111
145.26642211
145.26642211
145.26642211
145.266422109
145.266422108
145.266422108
145.266422107
145.266422106
145.266422105
145.266422103
145.266422102
145.266422101
145.266422099
145.266422098
145.266422097
145.266422095
145.266422093
145.266422091
145.266422089
145.266422087
145.266422086
145.266422084
145.266422083
145.266422081
145.266422079
145.266422078
145.266422076
145.266422075
145.266422073
145.266422071
145.266422069
145.266422068
145.266422066
145.266422065
145.266422064
145.266422062
145.266422062
145.266422061
145.266422061
145.266422061
145.266422061
145.266422061
145.266422061
145.266422061
145.266422061
145.266422061
145.266422061
145.266422061
145.266422061
145.266422061
145.266422061
145.266422061
145.266422061
145.266422061
145.266422061
145.266422061
145.266422061
145.266422061
145.266422061
145.266422061
145.266422061
145.266422061
145.266422061
145.266422061
145.266422061
145.266422061
145.266422061
145.266422061
145.266422061
145.266422061
145.266422061
145.266422061
145.266422061
145.266422061
145.266422061
145.266422061
145.266422061
145.266422061
145.266422061
145.266422061
145.266422061
145.266422061
145.266422061
145.266422061
145.266422061
145.266422061
145.266422061
145.266422061
145.266422061
145.266422061
145.266422061
145.266422061
145.266422061
145.266422061
145.266422061
145.266422061
145.266422061
145.266422061
145.266422061
145.266422061
145.266422061
145.266422061
145.266422061
145.266422061
145.266422061
145.266422061
145.266422061
145.266422061
145.266422061
145.266422061
145.266422061
145.266422061
145.266422061
145.266422061
145.266422061
145.266422061
145.266422061
145.266422061
145.266422061
145.266422061
145.266422061
145.266422061
145.266422061
145.266422061
145.266422061
145.266422061
145.266422061
145.266422061
145.266422061
145.266422061
145.266422061
145.266422061
145.266422061
145.266422061
145.266422061
145.266422061
145.266422061
145.266422061
145.266422061
145.266422061
145.266422061
145.266422061
145.266422061
145.266422061
145.266422061
145.266422061
145.266422061
145.266422061
145.266422061
145.266422061
145.266422061
145.266422061
145.266422061
145.266422061
145.266422061
145.266422061
145.266422061
145.266422061
145.266422061
145.266422061
145.266422061
145.266422061
145.266422061
145.266422061
145.266422061
145.266422061
145.266422061
145.266422061
145.266422061
145.266422061
145.266422061
145.266422061
145.266422061
145.266422061
145.266422061
145.266422061
145.266422061
145.266422061
145.266422061
145.266422061
145.266422061
145.266422061
145.266422061
145.266422061
145.266422061
145.266422061
145.266422061
145.266422061
145.266422061
145.266422061
145.266422061
145.266422061
145.266422061
145.266422061
145.266422061
145.266422061
145.266422061
145.266422061
145.266422061
145.266422061
145.266422061
145.266422061
145.266422061
145.266422061
145.266422061
145.266422061
145.266422061
145.266422061
145.266422061
145.266422061
145.266422061
145.266422061
145.266422061
145.266422061
145.266422061
145.266422061
145.266422061
145.266422061
145.266422061
145.266422061
145.266422061
145.266422061
145.266422061
145.266422061
145.266422061
145.266422061
145.266422061
145.266422061
145.266422061
145.266422061
145.266422061
145.266422061
145.266422061
145.266422061
145.266422061
145.266422061
145.266422061
145.266422061
145.266422061
145.266422061
145.266422061
145.266422061
145.266422061
145.266422061
145.266422061
145.266422061
145.266422061
145.266422061
145.266422061
145.266422061
145.266422061
145.266422061
145.266422061
145.266422061
145.266422061
145.266422061
145.266422061
145.266422061
145.266422061
145.266422061
145.266422061
145.266422061
145.266422061
145.266422061
145.266422061
145.266422061
145.266422061
145.266422061
145.266422061
145.266422061
145.266422061
145.266422061
145.266422061
145.266422061
145.266422061
145.266422061
145.266422061
145.266422061
145.266422061
145.266422061
145.266422061
145.266422061
145.266422061
145.266422061
145.266422061
145.266422061
145.266422061
145.266422061
145.266422061
145.266422061
145.266422061
145.266422061
145.266422061
145.266422061
145.266422061
145.266422061
145.266422061
145.266422061
145.266422061
145.266422061
145.266422061
145.266422061
145.266422061
145.266422061
145.266422061
145.266422061
145.266422061
145.266422061
145.266422061
145.266422061
145.266422061
145.266422061
145.266422061
145.266422061
145.266422061
145.266422061
145.266422061
145.266422061
145.266422061
145.266422061
145.266422061
145.266422061
145.266422061
145.266422061
145.266422061
145.266422061
145.266422061
145.266422061
145.266422061
145.266422061
145.266422061
145.266422061
145.266422061
145.266422061
145.266422061
145.266422061
145.266422061
145.266422061
145.266422061
145.266422061
145.266422061
145.266422061
145.266422061
145.266422061
145.266422061
145.266422061
145.266422061
145.266422061
145.266422061
145.266422061
145.266422061
145.266422061
145.266422061
145.266422061
145.266422061
145.266422061
145.266422061
145.266422061
145.266422061
145.266422061
145.266422061
145.266422061
145.266422061
145.266422061
145.266422061
145.266422061
145.266422061
145.266422061
145.266422061
145.266422061
145.266422061
145.266422061
145.266422061
145.266422061
145.266422061
145.266422061
145.266422061
145.266422061
145.266422061
145.266422061
145.266422061
145.266422061
145.266422061
145.266422061
145.266422061
145.266422061
145.266422061
145.266422061
145.266422061
145.266422061
145.266422061
145.266422061
145.266422061
145.266422061
145.266422061
145.266422061
145.266422061
145.266422061
145.266422061
145.266422061
145.266422061
145.266422061
145.266422061
145.266422061
145.266422061
145.266422061
145.266422061
145.266422061
145.266422061
145.266422061
145.266422061
145.266422061
145.266422061
145.266422061
145.266422061
145.266422061
145.266422061
145.266422061
145.266422061
145.266422061
145.266422061
145.266422061
145.266422061
145.266422061
145.266422061
145.266422061
145.266422061
145.266422061
145.266422061
145.266422061
145.266422061
145.266422061
145.266422061
145.266422061
145.266422061
145.266422061
145.266422061
145.266422061
145.266422061
145.266422061
145.266422061
145.266422061
145.266422061
145.266422061
145.266422061
145.266422061
145.266422061
145.266422061
145.266422061
145.266422061
145.266422061
145.266422061
145.266422061
145.266422061
145.266422061
145.266422061
145.266422061
145.266422061
145.266422061
145.266422061
145.266422061
145.266422061
145.266422061
145.266422061
145.266422061
145.266422061
145.266422061
145.266422061
145.266422061
145.266422061
145.266422061
145.266422061
145.266422061
145.266422061
145.266422061
145.266422061
145.266422061
145.266422061
145.266422061
145.266422061
145.266422061
145.266422061
145.266422061
145.266422061
145.266422061
145.266422061
145.266422061
145.266422061
145.266422061
145.266422061
145.266422061
145.266422061
145.266422061
145.266422061
145.266422061
145.266422061
145.266422061
145.266422061
145.266422061
145.266422061
145.266422061
145.266422061
145.266422061
145.266422061
145.266422061
145.266422061
145.266422061
145.266422061
145.266422061
145.266422061
145.266422061
145.266422061
145.266422061
145.266422061
145.266422061
145.266422061
145.266422061
145.266422061
145.266422061
145.266422061
145.266422061
145.266422061
145.266422061
145.266422061
145.266422061
145.266422061
145.266422061
145.266422061
145.266422061
145.266422061
145.266422061
145.266422061
145.266422061
145.266422061
145.266422061
145.266422061
145.266422061
145.266422061
145.266422061
145.266422061
145.266422061
145.266422061
145.266422061
145.266422061
145.266422061
145.266422061
145.266422061
145.266422061
145.266422061
145.266422061
145.266422061
145.266422061
145.266422061
145.266422061
145.266422061
145.266422061
145.266422061
145.266422061
145.266422061
145.266422061
145.266422061
145.266422061
145.266422061
145.266422061
145.266422061
145.266422061
145.266422061
145.266422061
145.266422061
145.266422061
145.266422061
145.266422061
145.266422061
145.266422061
145.266422061
145.266422061
145.266422061
145.266422061
145.266422061
145.266422061
145.266422061
145.266422061
145.266422061
145.266422061
145.266422061
145.266422061
145.266422061
145.266422061
145.266422061
145.266422061
145.266422061
145.266422061
145.266422061
145.266422061
145.266422061
145.266422061
145.266422061
145.266422061
145.266422061
145.266422061
145.266422061
145.266422061
145.266422061
145.266422061
145.266422061
145.266422061
145.266422061
145.266422061
145.266422061
145.266422061
145.266422061
145.266422061
145.266422061
145.266422061
145.266422061
145.266422061
145.266422061
145.266422061
145.266422061
145.266422061
145.266422061
145.266422061
145.266422061
145.266422061
145.266422061
145.266422061
145.266422061
145.266422061
145.266422061
145.266422061
145.266422061
145.266422061
145.266422061
145.266422061
145.266422061
145.266422061
145.266422061
145.266422061
145.266422061
145.266422061
145.266422061
145.266422061
145.266422061
145.266422061
145.266422061
145.266422061
145.266422061
145.266422061
145.266422061
145.266422061
145.266422061
145.266422061
145.266422061
145.266422061
145.266422061
145.266422061
145.266422061
145.266422061
145.266422061
145.266422061
145.266422061
145.266422061
145.266422061
145.266422061
145.266422061
145.266422061
145.266422061
145.266422061
145.266422061
145.266422061
145.266422061
145.266422061
145.266422061
145.266422061
145.266422061
145.266422061
145.266422061
145.266422061
145.266422061
145.266422061
145.266422061
145.266422061
145.266422061
145.266422061
145.266422061
145.266422061
145.266422061
145.266422061
145.266422061
145.266422061
145.266422061
145.266422061
145.266422061
145.266422061
145.266422061
145.266422061
145.266422061
145.266422061
145.266422061
145.266422061
145.266422061
145.266422061
145.266422061
145.266422061
145.266422061
145.266422061
145.266422061
145.266422061
145.266422061
145.266422061
145.266422061
145.266422061
145.266422061
145.266422061
145.266422061
145.266422061
145.266422061
145.266422061
145.266422061
145.266422061
145.266422061
145.266422061
145.266422061
145.266422061
145.266422061
145.266422061
145.266422061
145.266422061
145.266422061
145.266422061
145.266422061
145.266422061
145.266422061
145.266422061
145.266422061
145.266422061
145.266422061
145.266422061
145.266422061
145.266422061
145.266422061
145.266422061
145.266422061
145.266422061
145.266422061
145.266422061
145.266422061
145.266422061
145.266422061
145.266422061
145.266422061
145.266422061
145.266422061
145.266422061
145.266422061
145.266422061
145.266422061
145.266422061
145.266422061
145.266422061
145.266422061
145.266422061
145.266422061
145.266422061
145.266422061
145.266422061
145.266422061
145.266422061
145.266422061
145.266422061
145.266422061
145.266422061
145.266422061
145.266422061
145.266422061
145.266422061
145.266422061
145.266422061
145.266422061
145.266422061
145.266422061
145.266422061
145.266422061
145.266422061
145.266422061
145.266422061
145.266422061
145.266422061
145.266422061
145.266422061
145.266422061
145.266422061
145.266422061
145.266422061
145.266422061
145.266422061
145.266422061
145.266422061
145.266422061
145.266422061
145.266422061
145.266422061
145.266422061
145.266422061
145.266422061
145.266422061
145.266422061
145.266422061
145.266422061
145.266422061
145.266422061
145.266422061
145.266422061
145.266422061
145.266422061
145.266422061
145.266422061
145.266422061
145.266422061
145.266422061
145.266422061
145.266422061
145.266422061
145.266422061
145.266422061
145.266422061
145.266422061
145.266422061
145.266422061
145.266422061
145.266422061
145.266422061
145.266422061
145.266422061
145.266422061
145.266422061
145.266422061
145.266422061
145.266422061
145.266422061
145.266422061
145.266422061
145.266422061
145.266422061
145.266422061
145.266422061
145.266422061
145.266422061
145.266422061
145.266422061
145.266422061
145.266422061
145.266422061
145.266422061
145.266422061
145.266422061
145.266422061
145.266422061
145.266422061
145.266422061
145.266422061
145.266422061
145.266422061
145.266422061
145.266422061
145.266422061
145.266422061
145.266422061
145.266422061
145.266422061
145.266422061
145.266422061
145.266422061
145.266422061
145.266422061
145.266422061
145.266422061
145.266422061
145.266422061
145.266422061
145.266422061
145.266422061
145.266422061
145.266422061
145.266422061
145.266422061
145.266422061
145.266422061
145.266422061
145.266422061
145.266422061
145.266422061
145.266422061
145.266422061
145.266422061
145.266422061
145.266422061
145.266422061
145.266422061
145.266422061
145.266422061
145.266422061
145.266422061
145.266422061
145.266422061
145.266422061
145.266422061
145.266422061
145.266422061
145.266422061
145.266422061
145.266422061
145.266422061
145.266422061
145.266422061
145.266422061
145.266422061
145.266422061
145.266422061
145.266422061
145.266422061
145.266422061
145.266422061
145.266422061
145.266422061
145.266422061
145.266422061
145.266422061
145.266422061
145.266422061
145.266422061
145.266422061
145.266422061
145.266422061
145.266422061
145.266422061
145.266422061
145.266422061
145.266422061
145.266422061
145.266422061
145.266422061
145.266422061
145.266422061
145.266422061
145.266422061
145.266422061
145.266422061
145.266422061
145.266422061
145.266422061
145.266422061
145.266422061
145.266422061
145.266422061
145.266422061
145.266422061
145.266422061
145.266422061
145.266422061
145.266422061
145.266422061
145.266422061
145.266422061
145.266422061
145.266422061
145.266422061
145.266422061
145.266422061
145.266422061
145.266422061
145.266422061
145.266422061
145.266422061
145.266422061
145.266422061
145.266422061
145.266422061
145.266422061
145.266422061
145.266422061
145.266422061
145.266422061
145.266422061
145.266422061
145.266422061
145.266422061
145.266422061
145.266422061
145.266422061
145.266422061
145.266422061
145.266422061
145.266422061
145.266422061
145.266422061
145.266422061
145.266422061
145.266422061
145.266422061
145.266422061
145.266422061
145.266422061
145.266422061
145.266422061
145.266422061
145.266422061
145.266422061
145.266422061
145.266422061
145.266422061
145.266422061
145.266422061
145.266422061
145.266422061
145.266422061
145.266422061
145.266422061
145.266422061
145.266422061
145.266422061
145.266422061
145.266422061
145.266422061
145.266422061
145.266422061
145.266422061
145.266422061
145.266422061
145.266422061
145.266422061
145.266422061
145.266422061
145.266422061
145.266422061
145.266422061
145.266422061
145.266422061
145.266422061
145.266422061
145.266422061
145.266422061
145.266422061
145.266422061
145.266422061
145.266422061
145.266422061
145.266422061
145.266422061
145.266422061
145.266422061
145.266422061
145.266422061
145.266422061
145.266422061
145.266422061
145.266422061
145.266422061
145.266422061
145.266422061
145.266422061
145.266422061
145.266422061
145.266422061
145.266422061
145.266422061
145.266422061
145.266422061
145.266422061
145.266422061
145.266422061
145.266422061
145.266422061
145.266422061
145.266422061
145.266422061
145.266422061
145.266422061
145.266422061
145.266422061
145.266422061
145.266422061
145.266422061
145.266422061
145.266422061
145.266422061
145.266422061
145.266422061
145.266422061
145.266422061
145.266422061
145.266422061
145.266422061
145.266422061
145.266422061
145.266422061
145.266422061
145.266422061
145.266422061
145.266422061
145.266422061
145.266422061
145.266422061
145.266422061
145.266422061
145.266422061
145.266422061
145.266422061
145.266422061
145.266422061
145.266422061
145.266422061
145.266422061
145.266422061
145.266422061
145.266422061
145.266422061
145.266422061
145.266422061
145.266422061
145.266422061
145.266422061
145.266422061
145.266422061
145.266422061
145.266422061
145.266422061
145.266422061
145.266422061
145.266422061
145.266422061
145.266422061
145.266422061
145.266422061
145.266422061
145.266422061
145.266422061
145.266422061
145.266422061
145.266422061
145.266422061
145.266422061
145.266422061
145.266422061
145.266422061
145.266422061
145.266422061
145.266422061
145.266422061
145.266422061
145.266422061
145.266422061
145.266422061
145.266422061
145.266422061
145.266422061
145.266422061
145.266422061
145.266422061
145.266422061
145.266422061
145.266422061
145.266422061
145.266422061
145.266422061
145.266422061
145.266422061
145.266422061
145.266422061
145.266422061
145.266422061
145.266422061
145.266422061
145.266422061
145.266422061
145.266422061
145.266422061
145.266422061
145.266422061
145.266422061
145.266422061
145.266422061
145.266422061
145.266422061
145.266422061
145.266422061
145.266422061
145.266422061
145.266422061
145.266422061
145.266422061
145.266422061
145.266422061
145.266422061
145.266422061
145.266422061
145.266422061
145.266422061
145.266422061
145.266422061
145.266422061
145.266422061
145.266422061
145.266422061
145.266422061
145.266422061
145.266422061
145.266422061
145.266422061
145.266422061
145.266422061
145.266422061
145.266422061
145.266422061
145.266422061
145.266422061
145.266422061
145.266422061
145.266422061
145.266422061
145.266422061
145.266422061
145.266422061
145.266422061
145.266422061
145.266422061
145.266422061
145.266422061
145.266422061
145.266422061
145.266422061
145.266422061
145.266422061
145.266422061
145.266422061
145.266422061
145.266422061
145.266422061
145.266422061
145.266422061
145.266422061
145.266422061
145.266422061
145.266422061
145.266422061
145.266422061
145.266422061
145.266422061
145.266422061
145.266422061
145.266422061
145.266422061
145.266422061
145.266422061
145.266422061
145.266422061
145.266422061
145.266422061
145.266422061
145.266422061
145.266422061
145.266422061
145.266422061
145.266422061
145.266422061
145.266422061
145.266422061
145.266422061
145.266422061
145.266422061
145.266422061
145.266422061
145.266422061
145.266422061
145.266422061
145.266422061
145.266422061
145.266422061
145.266422061
145.266422061
145.266422061
145.266422061
145.266422061
145.266422061
145.266422061
145.266422061
145.266422061
145.266422061
145.266422061
145.266422061
145.266422061
145.266422061
145.266422061
145.266422061
145.266422061
145.266422061
145.266422061
145.266422061
145.266422061
145.266422061
145.266422061
145.266422061
145.266422061
145.266422061
145.266422061
145.266422061
145.266422061
145.266422061
145.266422061
145.266422061
145.266422061
145.266422061
145.266422061
145.266422061
145.266422061
145.266422061
145.266422061
145.266422061
145.266422061
145.266422061
145.266422061
145.266422061
145.266422061
145.266422061
145.266422061
145.266422061
145.266422061
145.266422061
145.266422061
145.266422061
145.266422061
145.266422061
145.266422061
145.266422061
145.266422061
145.266422061
145.266422061
145.266422061
145.266422061
145.266422061
145.266422061
145.266422061
145.266422061
145.266422061
145.266422061
145.266422061
145.266422061
145.266422061
145.266422061
145.266422061
145.266422061
145.266422061
145.266422061
145.266422061
145.266422061
145.266422061
145.266422061
145.266422061
145.266422061
145.266422061
145.266422061
145.266422061
145.266422061
145.266422061
145.266422061
145.266422061
145.266422061
145.266422061
145.266422061
145.266422061
145.266422061
145.266422061
145.266422061
145.266422061
145.266422061
145.266422061
145.266422061
145.266422061
145.266422061
145.266422061
145.266422061
145.266422061
145.266422061
145.266422061
145.266422061
145.266422061
145.266422061
145.266422061
145.266422061
145.266422061
145.266422061
145.266422061
145.266422061
145.266422061
145.266422061
145.266422061
145.266422061
145.266422061
145.266422061
145.266422061
145.266422061
145.266422061
145.266422061
145.266422061
145.266422061
145.266422061
145.266422061
145.266422061
145.266422061
145.266422061
145.266422061
145.266422061
145.266422061
145.266422061
145.266422061
145.266422061
145.266422061
145.266422061
145.266422061
145.266422061
145.266422061
145.266422061
145.266422061
145.266422061
145.266422061
145.266422061
145.266422061
145.266422061
145.266422061
145.266422061
145.266422061
145.266422061
145.266422061
145.266422061
145.266422061
145.266422061
145.266422061
145.266422061
145.266422061
145.266422061
145.266422061
145.266422061
145.266422061
145.266422061
145.266422061
145.266422061
145.266422061
145.266422061
145.266422061
145.266422061
145.266422061
145.266422061
145.266422061
145.266422061
145.266422061
145.266422061
145.266422061
145.266422061
145.266422061
145.266422061
145.266422061
145.266422061
145.266422061
145.266422061
145.266422061
145.266422061
145.266422061
145.266422061
145.266422061
145.266422061
145.266422061
145.266422061
145.266422061
145.266422061
145.266422061
145.266422061
145.266422061
145.266422061
145.266422061
145.266422061
145.266422061
145.266422061
145.266422061
145.266422061
145.266422061
145.266422061
145.266422061
145.266422061
145.266422061
145.266422061
145.266422061
145.266422061
145.266422061
145.266422061
145.266422061
145.266422061
145.266422061
145.266422061
145.266422061
145.266422061
145.266422061
145.266422061
145.266422061
145.266422061
145.266422061
145.266422061
145.266422061
145.266422061
145.266422061
145.266422061
145.266422061
145.266422061
145.266422061
145.266422061
145.266422061
145.266422061
145.266422061
145.266422061
145.266422061
145.266422061
145.266422061
145.266422061
145.266422061
145.266422061
145.266422061
145.266422061
145.266422061
145.266422061
145.266422061
145.266422061
145.266422061
145.266422061
145.266422061
145.266422061
145.266422061
145.266422061
145.266422061
145.266422061
145.266422061
145.266422061
145.266422061
145.266422061
145.266422061
145.266422061
145.266422061
145.266422061
145.266422061
145.266422061
145.266422061
145.266422061
145.266422061
145.266422061
145.266422061
145.266422061
145.266422061
145.266422061
145.266422061
145.266422061
145.266422061
145.266422061
145.266422061
145.266422061
145.266422061
145.266422061
145.266422061
145.266422061
145.266422061
145.266422061
145.266422061
145.266422061
145.266422061
145.266422061
145.266422061
145.266422061
145.266422061
145.266422061
145.266422061
145.266422061
145.266422061
145.266422061
145.266422061
145.266422061
145.266422061
145.266422061
145.266422061
145.266422061
145.266422061
145.266422061
145.266422061
145.266422061
145.266422061
145.266422061
145.266422061
145.266422061
145.266422061
145.266422061
145.266422061
145.266422061
145.266422061
145.266422061
145.266422061
145.266422061
145.266422061
145.266422061
145.266422061
145.266422061
145.266422061
145.266422061
145.266422061
145.266422061
145.266422061
145.266422061
145.266422061
145.266422061
145.266422061
145.266422061
145.266422061
145.266422061
145.266422061
145.266422061
145.266422061
145.266422061
145.266422061
145.266422061
145.266422061
145.266422061
145.266422061
145.266422061
145.266422061
145.266422061
145.266422061
145.266422061
145.266422061
145.266422061
145.266422061
145.266422061
145.266422061
145.266422061
145.266422061
145.266422061
145.266422061
145.266422061
145.266422061
145.266422061
145.266422061
145.266422061
145.266422061
145.266422061
145.266422061
145.266422061
145.266422061
145.266422061
145.266422061
145.266422061
145.266422061
145.266422061
145.266422061
145.266422061
145.266422061
145.266422061
145.266422061
145.266422061
145.266422061
145.266422061
145.266422061
145.266422061
145.266422061
145.266422061
145.266422061
145.266422061
145.266422061
145.266422061
145.266422061
145.266422061
145.266422061
145.266422061
145.266422061
145.266422061
145.266422061
145.266422061
145.266422061
145.266422061
145.266422061
145.266422061
145.266422061
145.266422061
145.266422061
145.266422061
145.266422061
145.266422061
145.266422061
145.266422061
145.266422061
145.266422061
145.266422061
145.266422061
145.266422061
145.266422061
145.266422061
145.266422061
145.266422061
145.266422061
145.266422061
145.266422061
145.266422061
145.266422061
145.266422061
145.266422061
145.266422061
145.266422061
145.266422061
145.266422061
145.266422061
145.266422061
145.266422061
145.266422061
145.266422061
145.266422061
145.266422061
145.266422061
145.266422061
145.266422061
145.266422061
145.266422061
145.266422061
145.266422061
145.266422061
145.266422061
145.266422061
145.266422061
145.266422061
145.266422061
145.266422061
145.266422061
145.266422061
145.266422061
145.266422061
145.266422061
145.266422061
145.266422061
145.266422061
145.266422061
145.266422061
145.266422061
145.266422061
145.266422061
145.266422061
145.266422061
145.266422061
145.266422061
145.266422061
145.266422061
145.266422061
145.266422061
145.266422061
145.266422061
145.266422061
145.266422061
145.266422061
145.266422061
145.266422061
145.266422061
145.266422061
145.266422061
145.266422061
145.266422061
145.266422061
145.266422061
145.266422061
145.266422061
145.266422061
145.266422061
145.266422061
145.266422061
145.266422061
145.266422061
145.266422061
145.266422061
145.266422061
145.266422061
145.266422061
145.266422061
145.266422061
145.266422061
145.266422061
145.266422061
145.266422061
145.266422061
145.266422061
145.266422061
145.266422061
145.266422061
145.266422061
145.266422061
145.266422061
145.266422061
145.266422061
145.266422061
145.266422061
145.266422061
145.266422061
145.266422061
145.266422061
145.266422061
145.266422061
145.266422061
145.266422061
145.266422061
145.266422061
145.266422061
145.266422061
145.266422061
145.266422061
145.266422061
145.266422061
145.266422061
145.266422061
145.266422061
145.266422061
145.266422061
145.266422061
145.266422061
145.266422061
145.266422061
145.266422061
145.266422061
145.266422061
145.266422061
145.266422061
145.266422061
145.266422061
145.266422061
145.266422061
145.266422061
145.266422061
145.266422061
145.266422061
145.266422061
145.266422061
145.266422061
145.266422061
145.266422061
145.266422061
145.266422061
145.266422061
145.266422061
145.266422061
145.266422061
145.266422061
145.266422061
145.266422061
145.266422061
145.266422061
145.266422061
145.266422061
145.266422061
145.266422061
145.266422061
145.266422061
145.266422061
145.266422061
145.266422061
145.266422061
145.266422061
145.266422061
145.266422061
145.266422061
145.266422061
145.266422061
145.266422061
145.266422061
145.266422061
145.266422061
145.266422061
145.266422061
145.266422061
145.266422061
145.266422061
145.266422061
145.266422061
145.266422061
145.266422061
145.266422061
145.266422061
145.266422061
145.266422061
145.266422061
145.266422061
145.266422061
145.266422061
145.266422061
145.266422061
145.266422061
145.266422061
145.266422061
145.266422061
145.266422061
145.266422061
145.266422061
145.266422061
145.266422061
145.266422061
145.266422061
145.266422061
145.266422061
145.266422061
145.266422061
145.266422061
145.266422061
145.266422061
145.266422061
145.266422061
145.266422061
145.266422061
145.266422061
145.266422061
145.266422061
145.266422061
145.266422061
145.266422061
145.266422061
145.266422061
145.266422061
145.266422061
145.266422061
145.266422061
145.266422061
145.266422061
145.266422061
145.266422061
145.266422061
145.266422061
145.266422061
145.266422061
145.266422061
145.266422061
145.266422061
145.266422061
145.266422061
145.266422061
145.266422061
145.266422061
145.266422061
145.266422061
145.266422061
145.266422061
145.266422061
145.266422061
145.266422061
145.266422061
145.266422061
145.266422061
145.266422061
145.266422061
145.266422061
145.266422061
145.266422061
145.266422061
145.266422061
145.266422061
145.266422061
145.266422061
145.266422061
145.266422061
145.266422061
145.266422061
145.266422061
145.266422061
145.266422061
145.266422061
145.266422061
145.266422061
145.266422061
145.266422061
145.266422061
145.266422061
145.266422061
145.266422061
145.266422061
145.266422061
145.266422061
145.266422061
145.266422061
145.266422061
145.266422061
145.266422061
145.266422061
145.266422061
145.266422061
145.266422061
145.266422061
145.266422061
145.266422061
145.266422061
145.266422061
145.266422061
145.266422061
145.266422061
145.266422061
145.266422061
145.266422061
145.266422061
145.266422061
145.266422061
145.266422061
145.266422061
145.266422061
145.266422061
145.266422061
145.266422061
145.266422061
145.266422061
145.266422061
145.266422061
145.266422061
145.266422061
145.266422061
145.266422061
145.266422061
145.266422061
145.266422061
145.266422061
145.266422061
145.266422061
145.266422061
145.266422061
145.266422061
145.266422061
145.266422061
145.266422061
145.266422061
145.266422061
145.266422061
145.266422061
145.266422061
145.266422061
145.266422061
145.266422061
145.266422061
145.266422061
145.266422061
145.266422061
145.266422061
145.266422061
145.266422061
145.266422061
145.266422061
145.266422061
145.266422061
145.266422061
145.266422061
145.266422061
145.266422061
145.266422061
145.266422061
145.266422061
145.266422061
145.266422061
145.266422061
145.266422061
145.266422061
145.266422061
145.266422061
145.266422061
145.266422061
145.266422061
145.266422061
145.266422061
145.266422061
145.266422061
145.266422061
145.266422061
145.266422061
145.266422061
145.266422061
145.266422061
145.266422061
145.266422061
145.266422061
145.266422061
145.266422061
145.266422061
145.266422061
145.266422061
145.266422061
145.266422061
145.266422061
145.266422061
145.266422061
145.266422061
145.266422061
145.266422061
145.266422061
145.266422061
145.266422061
145.266422061
145.266422061
145.266422061
145.266422061
145.266422061
145.266422061
145.266422061
145.266422061
145.266422061
145.266422061
145.266422061
145.266422061
145.266422061
145.266422061
145.266422061
145.266422061
145.266422061
145.266422061
145.266422061
145.266422061
145.266422061
145.266422061
145.266422061
145.266422061
145.266422061
145.266422061
145.266422061
145.266422061
145.266422061
145.266422061
145.266422061
145.266422061
145.266422061
145.266422061
145.266422061
145.266422061
145.266422061
145.266422061
145.266422061
145.266422061
145.266422061
145.266422061
145.266422061
145.266422061
145.266422061
145.266422061
145.266422061
145.266422061
145.266422061
145.266422061
145.266422061
145.266422061
145.266422061
145.266422061
145.266422061
145.266422061
145.266422061
145.266422061
145.266422061
145.266422061
145.266422061
145.266422061
145.266422061
145.266422061
145.266422061
145.266422061
145.266422061
145.266422061
145.266422061
145.266422061
145.266422061
145.266422061
145.266422061
145.266422061
145.266422061
145.266422061
145.266422061
145.266422061
145.266422061
145.266422061
145.266422061
145.266422061
145.266422061
145.266422061
145.266422061
145.266422061
145.266422061
145.266422061
145.266422061
145.266422061
145.266422061
145.266422061
145.266422061
145.266422061
145.266422061
145.266422061
145.266422061
145.266422061
145.266422061
145.266422061
145.266422061
145.266422061
145.266422061
145.266422061
145.266422061
145.266422061
145.266422061
145.266422061
145.266422061
145.266422061
145.266422061
145.266422061
145.266422061
145.266422061
145.266422061
145.266422061
145.266422061
145.266422061
145.266422061
145.266422061
145.266422061
145.266422061
145.266422061
145.266422061
145.266422061
145.266422061
145.266422061
145.266422061
145.266422061
145.266422061
145.266422061
145.266422061
145.266422061
145.266422061
145.266422061
145.266422061
145.266422061
145.266422061
145.266422061
145.266422061
145.266422061
145.266422061
145.266422061
145.266422061
145.266422061
145.266422061
145.266422061
145.266422061
145.266422061
145.266422061
145.266422061
145.266422061
145.266422061
145.266422061
145.266422061
145.266422061
145.266422061
145.266422061
145.266422061
145.266422061
145.266422061
145.266422061
145.266422061
145.266422061
145.266422061
145.266422061
145.266422061
145.266422061
145.266422061
145.266422061
145.266422061
145.266422061
145.266422061
145.266422061
145.266422061
145.266422061
145.266422061
145.266422061
145.266422061
145.266422061
145.266422061
145.266422061
145.266422061
145.266422061
145.266422061
145.266422061
145.266422061
145.266422061
145.266422061
145.266422061
145.266422061
145.266422061
145.266422061
145.266422061
145.266422061
145.266422061
145.266422061
145.266422061
145.266422061
145.266422061
145.266422061
145.266422061
145.266422061
145.266422061
145.266422061
145.266422061
145.266422061
145.266422061
145.266422061
145.266422061
145.266422061
145.266422061
145.266422061
145.266422061
145.266422061
145.266422061
145.266422061
145.266422061
145.266422061
145.266422061
145.266422061
145.266422061
145.266422061
145.266422061
145.266422061
145.266422061
145.266422061
145.266422061
145.266422061
145.266422061
145.266422061
145.266422061
145.266422061
145.266422061
145.266422061
145.266422061
145.266422061
145.266422061
145.266422061
145.266422061
145.266422061
145.266422061
145.266422061
145.266422061
145.266422061
145.266422061
145.266422061
145.266422061
145.266422061
145.266422061
145.266422061
145.266422061
145.266422061
145.266422061
145.266422061
145.266422061
145.266422061
145.266422061
145.266422061
145.266422061
145.266422061
145.266422061
145.266422061
145.266422061
145.266422061
145.266422061
145.266422061
145.266422061
145.266422061
145.266422061
145.266422061
145.266422061
145.266422061
145.266422061
145.266422061
145.266422061
145.266422061
145.266422061
145.266422061
145.266422061
145.266422061
145.266422061
145.266422061
145.266422061
145.266422061
145.266422061
145.266422061
145.266422061
145.266422061
145.266422061
145.266422061
145.266422061
145.266422061
145.266422061
145.266422061
145.266422061
145.266422061
145.266422061
145.266422061
145.266422061
145.266422061
145.266422061
145.266422061
145.266422061
145.266422061
145.266422061
145.266422061
145.266422061
145.266422061
145.266422061
145.266422061
145.266422061
145.266422061
145.266422061
145.266422061
145.266422061
145.266422061
145.266422061
145.266422061
145.266422061
145.266422061
145.266422061
145.266422061
145.266422061
145.266422061
145.266422061
145.266422061
145.266422061
145.266422061
145.266422061
145.266422061
145.266422061
145.266422061
145.266422061
145.266422061
145.266422061
145.266422061
145.266422061
145.266422061
145.266422061
145.266422061
145.266422061
145.266422061
145.266422061
145.266422061
145.266422061
145.266422061
145.266422061
145.266422061
145.266422061
145.266422061
145.266422061
145.266422061
145.266422061
145.266422061
145.266422061
145.266422061
145.266422061
145.266422061
145.266422061
145.266422061
145.266422061
145.266422061
145.266422061
145.266422061
145.266422061
145.266422061
145.266422061
145.266422061
145.266422061
145.266422061
145.266422061
145.266422061
145.266422061
145.266422061
145.266422061
145.266422061
145.266422061
145.266422061
145.266422061
145.266422061
145.266422061
145.266422061
145.266422061
145.266422061
145.266422061
145.266422061
145.266422061
145.266422061
145.266422061
145.266422061
145.266422061
145.266422061
145.266422061
145.266422061
145.266422061
145.266422061
145.266422061
145.266422061
145.266422061
145.266422061
145.266422061
145.266422061
145.266422061
145.266422061
145.266422061
145.266422061
145.266422061
145.266422061
145.266422061
145.266422061
145.266422061
145.266422061
145.266422061
145.266422061
145.266422061
145.266422061
145.266422061
145.266422061
145.266422061
145.266422061
145.266422061
145.266422061
145.266422061
145.266422061
145.266422061
145.266422061
145.266422061
145.266422061
145.266422061
145.266422061
145.266422061
145.266422061
145.266422061
145.266422061
145.266422061
145.266422061
145.266422061
145.266422061
145.266422061
145.266422061
145.266422061
145.266422061
145.266422061
145.266422061
145.266422061
145.266422061
145.266422061
145.266422061
145.266422061
145.266422061
145.266422061
145.266422061
145.266422061
145.266422061
145.266422061
145.266422061
145.266422061
145.266422061
145.266422061
145.266422061
145.266422061
145.266422061
145.266422061
145.266422061
145.266422061
145.266422061
145.266422061
145.266422061
145.266422061
145.266422061
145.266422061
145.266422061
145.266422061
145.266422061
145.266422061
145.266422061
145.266422061
145.266422061
145.266422061
145.266422061
145.266422061
145.266422061
145.266422061
145.266422061
145.266422061
145.266422061
145.266422061
145.266422061
145.266422061
145.266422061
145.266422061
145.266422061
145.266422061
145.266422061
145.266422061
145.266422061
145.266422061
145.266422061
145.266422061
145.266422061
145.266422061
145.266422061
145.266422061
145.266422061
145.266422061
145.266422061
145.266422061
145.266422061
145.266422061
145.266422061
145.266422061
145.266422061
145.266422061
145.266422061
145.266422061
145.266422061
145.266422061
145.266422061
145.266422061
145.266422061
145.266422061
145.266422061
145.266422061
145.266422061
145.266422061
145.266422061
145.266422061
145.266422061
145.266422061
145.266422061
145.266422061
145.266422061
145.266422061
145.266422061
145.266422061
145.266422061
145.266422061
145.266422061
145.266422061
145.266422061
145.266422061
145.266422061
145.266422061
145.266422061
145.266422061
145.266422061
145.266422061
145.266422061
145.266422061
145.266422061
145.266422061
145.266422061
145.266422061
145.266422061
145.266422061
145.266422061
145.266422061
145.266422061
145.266422061
145.266422061
145.266422061
145.266422061
145.266422061
145.266422061
145.266422061
145.266422061
145.266422061
145.266422061
145.266422061
145.266422061
145.266422061
145.266422061
145.266422061
145.266422061
145.266422061
145.266422061
145.266422061
145.266422061
145.266422061
145.266422061
145.266422061
145.266422061
145.266422061
145.266422061
145.266422061
145.266422061
145.266422061
145.266422061
145.266422061
145.266422061
145.266422061
145.266422061
145.266422061
145.266422061
145.266422061
145.266422061
145.266422061
145.266422061
145.266422061
145.266422061
145.266422061
145.266422061
145.266422061
145.266422061
145.266422061
145.266422061
145.266422061
145.266422061
145.266422061
145.266422061
145.266422061
145.266422061
145.266422061
145.266422061
145.266422061
145.266422061
145.266422061
145.266422061
145.266422061
145.266422061
145.266422061
145.266422061
145.266422061
145.266422061
145.266422061
145.266422061
145.266422061
145.266422061
145.266422061
145.266422061
145.266422061
145.266422061
145.266422061
145.266422061
145.266422061
145.266422061
145.266422061
145.266422061
145.266422061
145.266422061
145.266422061
145.266422061
145.266422061
145.266422061
145.266422061
145.266422061
145.266422061
145.266422061
145.266422061
145.266422061
145.266422061
145.266422061
145.266422061
145.266422061
145.266422061
145.266422061
145.266422061
145.266422061
145.266422061
145.266422061
145.266422061
145.266422061
145.266422061
145.266422061
145.266422061
145.266422061
145.266422061
145.266422061
145.266422061
145.266422061
145.266422061
145.266422061
145.266422061
145.266422061
145.266422061
145.266422061
145.266422061
145.266422061
145.266422061
145.266422061
145.266422061
145.266422061
145.266422061
145.266422061
145.266422061
145.266422061
145.266422061
145.266422061
145.266422061
145.266422061
145.266422061
145.266422061
145.266422061
145.266422061
145.266422061
145.266422061
145.266422061
145.266422061
145.266422061
145.266422061
145.266422061
145.266422061
145.266422061
145.266422061
145.266422061
145.266422061
145.266422061
145.266422061
145.266422061
145.266422061
145.266422061
145.266422061
145.266422061
145.266422061
145.266422061
145.266422061
145.266422061
145.266422061
145.266422061
145.266422061
145.266422061
145.266422061
145.266422061
145.266422061
145.266422061
145.266422061
145.266422061
145.266422061
145.266422061
145.266422061
145.266422061
145.266422061
145.266422061
145.266422061
145.266422061
145.266422061
145.266422061
145.266422061
145.266422061
145.266422061
145.266422061
145.266422061
145.266422061
145.266422061
145.266422061
145.266422061
145.266422061
145.266422061
145.266422061
145.266422061
145.266422061
145.266422061
145.266422061
145.266422061
145.266422061
145.266422061
145.266422061
145.266422061
145.266422061
145.266422061
145.266422061
145.266422061
145.266422061
145.266422061
145.266422061
145.266422061
145.266422061
145.266422061
145.266422061
145.266422061
145.266422061
145.266422061
145.266422061
145.266422061
145.266422061
145.266422061
145.266422061
145.266422061
145.266422061
145.266422061
145.266422061
145.266422061
145.266422061
145.266422061
145.266422061
145.266422061
145.266422061
145.266422061
145.266422061
145.266422061
145.266422061
145.266422061
145.266422061
145.266422061
145.266422061
145.266422061
145.266422061
145.266422061
145.266422061
145.266422061
145.266422061
145.266422061
145.266422061
145.266422061
145.266422061
145.266422061
145.266422061
145.266422061
145.266422061
145.266422061
145.266422061
145.266422061
145.266422061
145.266422061
145.266422061
145.266422061
145.266422061
145.266422061
145.266422061
145.266422061
145.266422061
145.266422061
145.266422061
145.266422061
145.266422061
145.266422061
145.266422061
145.266422061
145.266422061
145.266422061
145.266422061
145.266422061
145.266422061
145.266422061
145.266422061
145.266422061
145.266422061
145.266422061
145.266422061
145.266422061
145.266422061
145.266422061
145.266422061
145.266422061
145.266422061
145.266422061
145.266422061
145.266422061
145.266422061
145.266422061
145.266422061
145.266422061
145.266422061
145.266422061
145.266422061
145.266422061
145.266422061
145.266422061
145.266422061
145.266422061
145.266422061
145.266422061
145.266422061
145.266422061
145.266422061
145.266422061
145.266422061
145.266422061
145.266422061
145.266422061
145.266422061
145.266422061
145.266422061
145.266422061
145.266422061
145.266422061
145.266422061
145.266422061
145.266422061
145.266422061
145.266422061
145.266422061
145.266422061
145.266422061
145.266422061
145.266422061
145.266422061
145.266422061
145.266422061
145.266422061
145.266422061
145.266422061
145.266422061
145.266422061
145.266422061
145.266422061
145.266422061
145.266422061
145.266422061
145.266422061
145.266422061
145.266422061
145.266422061
145.266422061
145.266422061
145.266422061
145.266422061
145.266422061
145.266422061
145.266422061
145.266422061
145.266422061
145.266422061
145.266422061
145.266422061
145.266422061
145.266422061
145.266422061
145.266422061
145.266422061
145.266422061
145.266422061
145.266422061
145.266422061
145.266422061
145.266422061
145.266422061
145.266422061
145.266422061
145.266422061
145.266422061
145.266422061
145.266422061
145.266422061
145.266422061
145.266422061
145.266422061
145.266422061
145.266422061
145.266422061
145.266422061
145.266422061
145.266422061
145.266422061
145.266422061
145.266422061
145.266422061
145.266422061
145.266422061
145.266422061
145.266422061
145.266422061
145.266422061
145.266422061
145.266422061
145.266422061
145.266422061
145.266422061
145.266422061
145.266422061
145.266422061
145.266422061
145.266422061
145.266422061
145.266422061
145.266422061
145.266422061
145.266422061
145.266422061
145.266422061
145.266422061
145.266422061
145.266422061
145.266422061
145.266422061
145.266422061
145.266422061
145.266422061
145.266422061
145.266422061
145.266422061
145.266422061
145.266422061
145.266422061
145.266422061
145.266422061
145.266422061
145.266422061
145.266422061
145.266422061
145.266422061
145.266422061
145.266422061
145.266422061
145.266422061
145.266422061
145.266422061
145.266422061
145.266422061
145.266422061
145.266422061
145.266422061
145.266422061
145.266422061
145.266422061
145.266422061
145.266422061
145.266422061
145.266422061
145.266422061
145.266422061
145.266422061
145.266422061
145.266422061
145.266422061
145.266422061
145.266422061
145.266422061
145.266422061
145.266422061
145.266422061
145.266422061
145.266422061
145.266422061
145.266422061
145.266422061
145.266422061
145.266422061
145.266422061
145.266422061
145.266422061
145.266422061
145.266422061
145.266422061
145.266422061
145.266422061
145.266422061
145.266422061
145.266422061
145.266422061
145.266422061
145.266422061
145.266422061
145.266422061
145.266422061
145.266422061
145.266422061
145.266422061
145.266422061
145.266422061
145.266422061
145.266422061
145.266422061
145.266422061
145.266422061
145.266422061
145.266422061
145.266422061
145.266422061
145.266422061
145.266422061
145.266422061
145.266422061
145.266422061
145.266422061
145.266422061
145.266422061
145.266422061
145.266422061
145.266422061
145.266422061
145.266422061
145.266422061
145.266422061
145.266422061
145.266422061
145.266422061
145.266422061
145.266422061
145.266422061
145.266422061
145.266422061
145.266422061
145.266422061
145.266422061
145.266422061
145.266422061
145.266422061
145.266422061
145.266422061
145.266422061
145.266422061
145.266422061
145.266422061
145.266422061
145.266422061
145.266422061
145.266422061
145.266422061
145.266422061
145.266422061
145.266422061
145.266422061
145.266422061
145.266422061
145.266422061
145.266422061
145.266422061
145.266422061
145.266422061
145.266422061
145.266422061
145.266422061
145.266422061
145.266422061
145.266422061
145.266422061
145.266422061
145.266422061
145.266422061
145.266422061
145.266422061
145.266422061
145.266422061
145.266422061
145.266422061
145.266422061
145.266422061
145.266422061
145.266422061
145.266422061
145.266422061
145.266422061
145.266422061
145.266422061
145.266422061
145.266422061
145.266422061
145.266422061
145.266422061
145.266422061
145.266422061
145.266422061
145.266422061
145.266422061
145.266422061
145.266422061
145.266422061
145.266422061
145.266422061
145.266422061
145.266422061
145.266422061
145.266422061
145.266422061
145.266422061
145.266422061
145.266422061
145.266422061
145.266422061
145.266422061
145.266422061
145.266422061
145.266422061
145.266422061
145.266422061
145.266422061
145.266422061
145.266422061
145.266422061
145.266422061
145.266422061
145.266422061
145.266422061
145.266422061
145.266422061
145.266422061
145.266422061
145.266422061
145.266422061
145.266422061
145.266422061
145.266422061
145.266422061
145.266422061
145.266422061
145.266422061
145.266422061
145.266422061
145.266422061
145.266422061
145.266422061
145.266422061
145.266422061
145.266422061
145.266422061
145.266422061
145.266422061
145.266422061
145.266422061
145.266422061
145.266422061
145.266422061
145.266422061
145.266422061
145.266422061
145.266422061
145.266422061
145.266422061
145.266422061
145.266422061
145.266422061
145.266422061
145.266422061
145.266422061
145.266422061
145.266422061
145.266422061
145.266422061
145.266422061
145.266422061
145.266422061
145.266422061
145.266422061
145.266422061
145.266422061
145.266422061
145.266422061
145.266422061
145.266422061
145.266422061
145.266422061
145.266422061
145.266422061
145.266422061
145.266422061
145.266422061
145.266422061
145.266422061
145.266422061
145.266422061
145.266422061
145.266422061
145.266422061
145.266422061
145.266422061
145.266422061
145.266422061
145.266422061
145.266422061
145.266422061
145.266422061
145.266422061
145.266422061
145.266422061
145.266422061
145.266422061
145.266422061
145.266422061
145.266422061
145.266422061
145.266422061
145.266422061
145.266422061
145.266422061
145.266422061
145.266422061
145.266422061
145.266422061
145.266422061
145.266422061
145.266422061
145.266422061
145.266422061
145.266422061
145.266422061
145.266422061
145.266422061
145.266422061
145.266422061
145.266422061
145.266422061
145.266422061
145.266422061
145.266422061
145.266422061
145.266422061
145.266422061
145.266422061
145.266422061
145.266422061
145.266422061
145.266422061
145.266422061
145.266422061
145.266422061
145.266422061
145.266422061
145.266422061
145.266422061
145.266422061
145.266422061
145.266422061
145.266422061
145.266422061
145.266422061
145.266422061
145.266422061
145.266422061
145.266422061
145.266422061
145.266422061
145.266422061
145.266422061
145.266422061
145.266422061
145.266422061
145.266422061
145.266422061
145.266422061
145.266422061
145.266422061
145.266422061
145.266422061
145.266422061
145.266422061
145.266422061
145.266422061
145.266422061
145.266422061
145.266422061
145.266422061
145.266422061
145.266422061
145.266422061
145.266422061
145.266422061
145.266422061
145.266422061
145.266422061
145.266422061
145.266422061
145.266422061
145.266422061
145.266422061
145.266422061
145.266422061
145.266422061
145.266422061
145.266422061
145.266422061
145.266422061
145.266422061
145.266422061
145.266422061
145.266422061
145.266422061
145.266422061
145.266422061
145.266422061
145.266422061
145.266422061
145.266422061
145.266422061
145.266422061
145.266422061
145.266422061
145.266422061
145.266422061
145.266422061
145.266422061
145.266422061
145.266422061
145.266422061
145.266422061
145.266422061
145.266422061
145.266422061
145.266422061
145.266422061
145.266422061
145.266422061
145.266422061
145.266422061
145.266422061
145.266422061
145.266422061
145.266422061
145.266422061
145.266422061
145.266422061
145.266422061
145.266422061
145.266422061
145.266422061
145.266422061
145.266422061
145.266422061
145.266422061
145.266422061
145.266422061
145.266422061
145.266422061
145.266422061
145.266422061
145.266422061
145.266422061
145.266422061
145.266422061
145.266422061
145.266422061
145.266422061
145.266422061
145.266422061
145.266422061
145.266422061
145.266422061
145.266422061
145.266422061
145.266422061
145.266422061
145.266422061
145.266422061
145.266422061
145.266422061
145.266422061
145.266422061
145.266422061
145.266422061
145.266422061
145.266422061
145.266422061
145.266422061
145.266422061
145.266422061
145.266422061
145.266422061
145.266422061
145.266422061
145.266422061
145.266422061
145.266422061
145.266422061
145.266422061
145.266422061
145.266422061
145.266422061
145.266422061
145.266422061
145.266422061
145.266422061
145.266422061
145.266422061
145.266422061
145.266422061
145.266422061
145.266422061
145.266422061
145.266422061
145.266422061
145.266422061
145.266422061
145.266422061
145.266422061
145.266422061
145.266422061
145.266422061
145.266422061
145.266422061
145.266422061
145.266422061
145.266422061
145.266422061
145.266422061
145.266422061
145.266422061
145.266422061
145.266422061
145.266422061
145.266422061
145.266422061
145.266422061
145.266422061
145.266422061
145.266422061
145.266422061
145.266422061
145.266422061
145.266422061
145.266422061
145.266422061
145.266422061
145.266422061
145.266422061
145.266422061
145.266422061
145.266422061
145.266422061
145.266422061
145.266422061
145.266422061
145.266422061
145.266422061
145.266422061
145.266422061
145.266422061
145.266422061
145.266422061
145.266422061
145.266422061
145.266422061
145.266422061
145.266422061
145.266422061
145.266422061
145.266422061
145.266422061
145.266422061
145.266422061
145.266422061
145.266422061
145.266422061
145.266422061
145.266422061
145.266422061
145.266422061
145.266422061
145.266422061
145.266422061
145.266422061
145.266422061
145.266422061
145.266422061
145.266422061
145.266422061
145.266422061
145.266422061
145.266422061
145.266422061
145.266422061
145.266422061
145.266422061
145.266422061
145.266422061
145.266422061
145.266422061
145.266422061
145.266422061
145.266422061
145.266422061
145.266422061
145.266422061
145.266422061
145.266422061
145.266422061
145.266422061
145.266422061
145.266422061
145.266422061
145.266422061
145.266422061
145.266422061
145.266422061
145.266422061
145.266422061
145.266422061
145.266422061
145.266422061
145.266422061
145.266422061
145.266422061
145.266422061
145.266422061
145.266422061
145.266422061
145.266422061
145.266422061
145.266422061
145.266422061
145.266422061
145.266422061
145.266422061
145.266422061
145.266422061
145.266422061
145.266422061
145.266422061
145.266422061
145.266422061
145.266422061
145.266422061
145.266422061
145.266422061
145.266422061
145.266422061
145.266422061
145.266422061
145.266422061
145.266422061
145.266422061
145.266422061
145.266422061
145.266422061
145.266422061
145.266422061
145.266422061
145.266422061
145.266422061
145.266422061
145.266422061
145.266422061
145.266422061
145.266422061
145.266422061
145.266422061
145.266422061
145.266422061
145.266422061
145.266422061
145.266422061
145.266422061
145.266422061
145.266422061
145.266422061
145.266422061
145.266422061
145.266422061
145.266422061
145.266422061
145.266422061
145.266422061
145.266422061
145.266422061
145.266422061
145.266422061
145.266422061
145.266422061
145.266422061
145.266422061
145.266422061
145.266422061
145.266422061
145.266422061
145.266422061
145.266422061
145.266422061
145.266422061
145.266422061
145.266422061
145.266422061
145.266422061
145.266422061
145.266422061
145.266422061
145.266422061
145.266422061
145.266422061
145.266422061
145.266422061
145.266422061
145.266422061
145.266422061
145.266422061
145.266422061
145.266422061
145.266422061
145.266422061
145.266422061
145.266422061
145.266422061
145.266422061
145.266422061
145.266422061
145.266422061
145.266422061
145.266422061
145.266422061
145.266422061
145.266422061
145.266422061
145.266422061
145.266422061
145.266422061
145.266422061
145.266422061
145.266422061
145.266422061
145.266422061
145.266422061
145.266422061
145.266422061
145.266422061
145.266422061
145.266422061
145.266422061
145.266422061
145.266422061
145.266422061
145.266422061
145.266422061
145.266422061
145.266422061
145.266422061
145.266422061
145.266422061
145.266422061
145.266422061
145.266422061
145.266422061
145.266422061
145.266422061
145.266422061
145.266422061
145.266422061
145.266422061
145.266422061
145.266422061
145.266422061
145.266422061
145.266422061
145.266422061
145.266422061
145.266422061
145.266422061
145.266422061
145.266422061
145.266422061
145.266422061
145.266422061
145.266422061
145.266422061
145.266422061
145.266422061
145.266422061
145.266422061
145.266422061
145.266422061
145.266422061
145.266422061
145.266422061
145.266422061
145.266422061
145.266422061
145.266422061
145.266422061
145.266422061
145.266422061
145.266422061
145.266422061
145.266422061
145.266422061
145.266422061
145.266422061
145.266422061
145.266422061
145.266422061
145.266422061
145.266422061
145.266422061
145.266422061
145.266422061
145.266422061
145.266422061
145.266422061
145.266422061
145.266422061
145.266422061
145.266422061
145.266422061
145.266422061
145.266422061
145.266422061
145.266422061
145.266422061
145.266422061
145.266422061
145.266422061
145.266422061
145.266422061
145.266422061
145.266422061
145.266422061
145.266422061
145.266422061
145.266422061
145.266422061
145.266422061
145.266422061
145.266422061
145.266422061
145.266422061
145.266422061
145.266422061
145.266422061
145.266422061
145.266422061
145.266422061
145.266422061
145.266422061
145.266422061
145.266422061
145.266422061
145.266422061
145.266422061
145.266422061
145.266422061
145.266422061
145.266422061
145.266422061
145.266422061
145.266422061
145.266422061
145.266422061
145.266422061
145.266422061
145.266422061
145.266422061
145.266422061
145.266422061
145.266422061
145.266422061
145.266422061
145.266422061
145.266422061
145.266422061
145.266422061
145.266422061
145.266422061
145.266422061
145.266422061
145.266422061
145.266422061
145.266422061
145.266422061
145.266422061
145.266422061
145.266422061
145.266422061
145.266422061
145.266422061
145.266422061
145.266422061
145.266422061
145.266422061
145.266422061
145.266422061
145.266422061
145.266422061
145.266422061
145.266422061
145.266422061
145.266422061
145.266422061
145.266422061
145.266422061
145.266422061
145.266422061
145.266422061
145.266422061
145.266422061
145.266422061
145.266422061
145.266422061
145.266422061
145.266422061
145.266422061
145.266422061
145.266422061
145.266422061
145.266422061
145.266422061
145.266422061
145.266422061
145.266422061
145.266422061
145.266422061
145.266422061
145.266422061
145.266422061
145.266422061
145.266422061
145.266422061
145.266422061
145.266422061
145.266422061
145.266422061
145.266422061
145.266422061
145.266422061
145.266422061
145.266422061
145.266422061
145.266422061
145.266422061
145.266422061
145.266422061
145.266422061
145.266422061
145.266422061
145.266422061
145.266422061
145.266422061
145.266422061
145.266422061
145.266422061
145.266422061
145.266422061
145.266422061
145.266422061
145.266422061
145.266422061
145.266422061
145.266422061
145.266422061
145.266422061
145.266422061
145.266422061
145.266422061
145.266422061
145.266422061
145.266422061
145.266422061
145.266422061
145.266422061
145.266422061
145.266422061
145.266422061
145.266422061
145.266422061
145.266422061
145.266422061
145.266422061
145.266422061
145.266422061
145.266422061
145.266422061
145.266422061
145.266422061
145.266422061
145.266422061
145.266422061
145.266422061
145.266422061
145.266422061
145.266422061
145.266422061
145.266422061
145.266422061
145.266422061
145.266422061
145.266422061
145.266422061
145.266422061
145.266422061
145.266422061
145.266422061
145.266422061
145.266422061
145.266422061
145.266422061
145.266422061
145.266422061
145.266422061
145.266422061
145.266422061
145.266422061
145.266422061
145.266422061
145.266422061
145.266422061
145.266422061
145.266422061
145.266422061
145.266422061
145.266422061
145.266422061
145.266422061
145.266422061
145.266422061
145.266422061
145.266422061
145.266422061
145.266422061
145.266422061
145.266422061
145.266422061
145.266422061
145.266422061
145.266422061
145.266422061
145.266422061
145.266422061
145.266422061
145.266422061
145.266422061
145.266422061
145.266422061
145.266422061
145.266422061
145.266422061
145.266422061
145.266422061
145.266422061
145.266422061
145.266422061
145.266422061
145.266422061
145.266422061
145.266422061
145.266422061
145.266422061
145.266422061
145.266422061
145.266422061
145.266422061
145.266422061
145.266422061
145.266422061
145.266422061
145.266422061
145.266422061
145.266422061
145.266422061
145.266422061
145.266422061
145.266422061
145.266422061
145.266422061
145.266422061
145.266422061
145.266422061
145.266422061
145.266422061
145.266422061
145.266422061
145.266422061
145.266422061
145.266422061
145.266422061
145.266422061
145.266422061
145.266422061
145.266422061
145.266422061
145.266422061
145.266422061
145.266422061
145.266422061
145.266422061
145.266422061
145.266422061
145.266422061
145.266422061
145.266422061
145.266422061
145.266422061
145.266422061
145.266422061
145.266422061
145.266422061
145.266422061
145.266422061
145.266422061
145.266422061
145.266422061
145.266422061
145.266422061
145.266422061
145.266422061
145.266422061
145.266422061
145.266422061
145.266422061
145.266422061
145.266422061
145.266422061
145.266422061
145.266422061
145.266422061
145.266422061
145.266422061
145.266422061
145.266422061
145.266422061
145.266422061
145.266422061
145.266422061
145.266422061
145.266422061
145.266422061
145.266422061
145.266422061
145.266422061
145.266422061
145.266422061
145.266422061
145.266422061
145.266422061
145.266422061
145.266422061
145.266422061
145.266422061
145.266422061
145.266422061
145.266422061
145.266422061
145.266422061
145.266422061
145.266422061
145.266422061
145.266422061
145.266422061
145.266422061
145.266422061
145.266422061
145.266422061
145.266422061
145.266422061
145.266422061
145.266422061
145.266422061
145.266422061
145.266422061
145.266422061
145.266422061
145.266422061
145.266422061
145.266422061
145.266422061
145.266422061
145.266422061
145.266422061
145.266422061
145.266422061
145.266422061
145.266422061
145.266422061
145.266422061
145.266422061
145.266422061
145.266422061
145.266422061
145.266422061
145.266422061
145.266422061
145.266422061
145.266422061
145.266422061
145.266422061
145.266422061
145.266422061
145.266422061
145.266422061
145.266422061
145.266422061
145.266422061
145.266422061
145.266422061
145.266422061
145.266422061
145.266422061
145.266422061
145.266422061
145.266422061
145.266422061
145.266422061
145.266422061
145.266422061
145.266422061
145.266422061
145.266422061
145.266422061
145.266422061
145.266422061
145.266422061
145.266422061
145.266422061
145.266422061
145.266422061
145.266422061
145.266422061
145.266422061
145.266422061
145.266422061
145.266422061
145.266422061
145.266422061
145.266422061
145.266422061
145.266422061
145.266422061
145.266422061
145.266422061
145.266422061
145.266422061
145.266422061
145.266422061
145.266422061
145.266422061
145.266422061
145.266422061
145.266422061
145.266422061
145.266422061
145.266422061
145.266422061
145.266422061
145.266422061
145.266422061
145.266422061
145.266422061
145.266422061
145.266422061
145.266422061
145.266422061
145.266422061
145.266422061
145.266422061
145.266422061
145.266422061
145.266422061
145.266422061
145.266422061
145.266422061
145.266422061
145.266422061
145.266422061
145.266422061
145.266422061
145.266422061
145.266422061
145.266422061
145.266422061
145.266422061
145.266422061
145.266422061
145.266422061
145.266422061
145.266422061
145.266422061
145.266422061
145.266422061
145.266422061
145.266422061
145.266422061
145.266422061
145.266422061
145.266422061
145.266422061
145.266422061
145.266422061
145.266422061
145.266422061
145.266422061
145.266422061
145.266422061
145.266422061
145.266422061
145.266422061
145.266422061
145.266422061
145.266422061
145.266422061
145.266422061
145.266422061
145.266422061
145.266422061
145.266422061
145.266422061
145.266422061
145.266422061
145.266422061
145.266422061
145.266422061
145.266422061
145.266422061
145.266422061
145.266422061
145.266422061
145.266422061
145.266422061
145.266422061
145.266422061
145.266422061
145.266422061
145.266422061
145.266422061
145.266422061
145.266422061
145.266422061
145.266422061
145.266422061
145.266422061
145.266422061
145.266422061
145.266422061
145.266422061
145.266422061
145.266422061
145.266422061
145.266422061
145.266422061
145.266422061
145.266422061
145.266422061
145.266422061
145.266422061
145.266422061
145.266422061
145.266422061
145.266422061
145.266422061
145.266422061
145.266422061
145.266422061
145.266422061
145.266422061
145.266422061
145.266422061
145.266422061
145.266422061
145.266422061
145.266422061
145.266422061
145.266422061
145.266422061
145.266422061
145.266422061
145.266422061
145.266422061
145.266422061
145.266422061
145.266422061
145.266422061
145.266422061
145.266422061
145.266422061
145.266422061
145.266422061
145.266422061
145.266422061
145.266422061
145.266422061
145.266422061
145.266422061
145.266422061
145.266422061
145.266422061
145.266422061
145.266422061
145.266422061
145.266422061
145.266422061
145.266422061
145.266422061
145.266422061
145.266422061
145.266422061
145.266422061
145.266422061
145.266422061
145.266422061
145.266422061
145.266422061
145.266422061
145.266422061
145.266422061
145.266422061
145.266422061
145.266422061
145.266422061
145.266422061
145.266422061
145.266422061
145.266422061
145.266422061
145.266422061
145.266422061
145.266422061
145.266422061
145.266422061
145.266422061
145.266422061
145.266422061
145.266422061
145.266422061
145.266422061
145.266422061
145.266422061
145.266422061
145.266422061
145.266422061
145.266422061
145.266422061
145.266422061
145.266422061
145.266422061
145.266422061
145.266422061
145.266422061
145.266422061
145.266422061
145.266422061
145.266422061
145.266422061
145.266422061
145.266422061
145.266422061
145.266422061
145.266422061
145.266422061
145.266422061
145.266422061
145.266422061
145.266422061
145.266422061
145.266422061
145.266422061
145.266422061
145.266422061
145.266422061
145.266422061
145.266422061
145.266422061
145.266422061
145.266422061
145.266422061
145.266422061
145.266422061
145.266422061
145.266422061
145.266422061
145.266422061
145.266422061
145.266422061
145.266422061
145.266422061
145.266422061
145.266422061
145.266422061
145.266422061
145.266422061
145.266422061
145.266422061
145.266422061
145.266422061
145.266422061
145.266422061
145.266422061
145.266422061
145.266422061
145.266422061
145.266422061
145.266422061
145.266422061
145.266422061
145.266422061
145.266422061
145.266422061
145.266422061
145.266422061
145.266422061
145.266422061
145.266422061
145.266422061
145.266422061
145.266422061
145.266422061
145.266422061
145.266422061
145.266422061
145.266422061
145.266422061
145.266422061
145.266422061
145.266422061
145.266422061
145.266422061
145.266422061
145.266422061
145.266422061
145.266422061
145.266422061
145.266422061
145.266422061
145.266422061
145.266422061
145.266422061
145.266422061
145.266422061
145.266422061
145.266422061
145.266422061
145.266422061
145.266422061
145.266422061
145.266422061
145.266422061
145.266422061
145.266422061
145.266422061
145.266422061
145.266422061
145.266422061
145.266422061
145.266422061
145.266422061
145.266422061
145.266422061
145.266422061
145.266422061
145.266422061
145.266422061
145.266422061
145.266422061
145.266422061
145.266422061
145.266422061
145.266422061
145.266422061
145.266422061
145.266422061
145.266422061
145.266422061
145.266422061
145.266422061
145.266422061
145.266422061
145.266422061
145.266422061
145.266422061
145.266422061
145.266422061
145.266422061
145.266422061
145.266422061
145.266422061
145.266422061
145.266422061
145.266422061
145.266422061
145.266422061
145.266422061
145.266422061
145.266422061
145.266422061
145.266422061
145.266422061
145.266422061
145.266422061
145.266422061
145.266422061
145.266422061
145.266422061
145.266422061
145.266422061
145.266422061
145.266422061
145.266422061
145.266422061
145.266422061
145.266422061
145.266422061
145.266422061
145.266422061
145.266422061
145.266422061
145.266422061
145.266422061
145.266422061
145.266422061
145.266422061
145.266422061
145.266422061
145.266422061
145.266422061
145.266422061
145.266422061
145.266422061
145.266422061
145.266422061
145.266422061
145.266422061
145.266422061
145.266422061
145.266422061
145.266422061
145.266422061
145.266422061
145.266422061
145.266422061
145.266422061
145.266422061
145.266422061
145.266422061
145.266422061
145.266422061
145.266422061
145.266422061
145.266422061
145.266422061
145.266422061
