365.631683224
362.643841459
356.879713612
349.545395637
302.380421045
288.775468081
248.94954642
234.529190734
234.529190734
234.529190734
225.719022321
222.277011148
205.213922495
200.901095747
192.957318415
192.957318415
192.957318415
175.241850801
175.241850801
165.708334376
159.761629129
159.75651445
153.031241478
153.031241478
150.494005738
143.021405004
143.021405004
135.303316469
135.303316469
135.303316469
133.320175106
129.531429634
126.687052621
125.291117033
123.504579795
122.189054915
120.747845135
120.367854976
119.662694903
118.621298773
118.00705126
116.738035599
115.764148422
114.63449159
113.326845809
112.299104664
111.769341434
110.563230246
109.458528993
108.157371582
106.87865448
106.308317414
105.231343924
104.511582212
104.412952299
104.402452903
104.397537943
104.380528291
104.366527794
104.351743341
104.339891883
104.326049869
104.316019782
104.305809481
104.278304203
104.2613955
104.24136198
104.226952626
104.214867297
104.197461401
104.173689606
104.150536976
104.124734452
104.095510962
104.071421334
104.051723741
104.028629564
103.997449449
103.963463331
103.921196351
103.891239892
103.839352578
103.778519498
103.724661649
103.672021536
103.623640637
103.555363439
103.49439508
103.43651743
103.381710684
103.337759623
103.294379257
103.267791357
103.245059674
103.215256556
103.200188485
103.198877905
103.198872238
103.198869505
103.198866376
103.198864702
103.198862207
103.198859676
103.198858073
103.198855896
103.198855534
103.198853153
103.19885156
103.198847094
103.198845714
103.19884046
103.198836091
103.198828683
103.198824469
103.198819862
103.198814305
103.198806485
103.198800885
103.198797016
103.198790313
103.198778037
103.198767533
103.198752806
103.198741218
103.198724992
103.198702694
103.198685773
103.198669001
103.19864646
103.198630635
103.198598799
103.198559032
103.198534054
103.198501328
103.19847767
103.198438765
103.198390394
103.198362514
103.19833023
103.198280182
103.198223468
103.198162075
103.198110972
103.198042313
103.197949343
103.197863696
103.197776706
103.197700565
103.197629992
103.197533606
103.197408879
103.197246351
103.19703191
103.196898837
103.196767902
103.196558139
103.19634052
103.196056886
103.195809823
103.195631315
103.195413168
103.195019052
103.194633431
103.194081942
103.193770806
103.193058593
103.192553776
103.192079484
103.19139317
103.190737138
103.190185367
103.189347108
103.188770192
103.18842304
103.187830661
103.187063559
103.186635119
103.185772113
103.184915691
103.184091192
103.182967558
103.18171465
103.180806159
103.179756538
103.179269769
103.178021822
103.176971923
103.175805052
103.174012097
103.172529948
103.171433077
103.168553791
103.165304854
103.161304211
103.158801007
103.154093915
103.148928632
103.144128213
103.139350241
103.135371362
103.128812752
103.123135588
103.119459258
103.115830292
103.11123424
103.106732378
103.101678068
103.096897484
103.093037877
103.087487427
103.081249695
103.077710904
103.073317643
103.068806825
103.063326196
103.059659651
103.058517615
103.058515709
103.058515709
103.058515709
103.058515709
103.058515708
103.058515708
103.058515708
103.058515708
103.058515708
103.058515707
103.058515707
103.058515707
103.058515707
103.058515707
103.058515707
103.058515707
103.058515707
103.058515707
103.058515707
103.058515707
103.058515707
103.058515707
103.058515707
103.058515707
103.058515707
103.058515707
103.058515707
103.058515707
103.058515707
103.058515707
103.058515707
103.058515707
103.058515707
103.058515707
103.058515707
103.058515707
103.058515707
103.058515707
103.058515707
103.058515707
103.058515707
103.058515707
103.058515707
103.058515707
103.058515707
103.058515707
103.058515707
103.058515707
103.058515707
103.058515707
103.058515707
103.058515707
103.058515707
103.058515707
103.058515707
103.058515707
103.058515707
103.058515707
103.058515707
103.058515707
103.058515707
103.058515707
103.058515707
103.058515707
103.058515707
103.058515707
103.058515707
103.058515707
103.058515707
103.058515707
103.058515707
103.058515707
103.058515707
103.058515707
103.058515707
103.058515707
103.058515707
103.058515707
103.058515707
103.058515707
103.058515707
103.058515707
103.058515707
103.058515707
103.058515707
103.058515707
103.058515707
103.058515707
103.058515707
103.058515707
103.058515707
103.058515707
103.058515707
103.058515707
103.058515707
103.058515707
103.058515707
103.058515707
103.058515707
103.058515707
103.058515707
103.058515707
103.058515707
103.058515707
103.058515707
103.058515707
103.058515707
103.058515707
103.058515707
103.058515707
103.058515707
103.058515707
103.058515707
103.058515707
103.058515707
103.058515707
103.058515707
103.058515707
103.058515707
103.058515707
103.058515707
103.058515707
103.058515707
103.058515707
103.058515707
103.058515707
103.058515707
103.058515707
103.058515707
103.058515707
103.058515707
103.058515707
103.058515707
103.058515707
103.058515707
103.058515707
103.058515707
103.058515707
103.058515707
103.058515707
103.058515707
103.058515707
103.058515707
103.058515707
103.058515707
103.058515707
103.058515707
103.058515707
103.058515707
103.058515707
103.058515707
103.058515707
103.058515707
103.058515707
103.058515707
103.058515707
103.058515707
103.058515707
103.058515707
103.058515707
103.058515707
103.058515707
103.058515707
103.058515707
103.058515707
103.058515707
103.058515707
103.058515707
103.058515707
103.058515707
103.058515707
103.058515707
103.058515707
103.058515707
103.058515707
103.058515707
103.058515707
103.058515707
103.058515707
103.058515707
103.058515707
103.058515707
103.058515707
103.058515707
103.058515707
103.058515707
103.058515707
103.058515707
103.058515707
103.058515707
103.058515707
103.058515707
103.058515707
103.058515707
103.058515707
103.058515707
103.058515707
103.058515707
103.058515707
103.058515707
103.058515707
103.058515707
103.058515707
103.058515707
103.058515707
103.058515707
103.058515707
103.058515707
103.058515707
103.058515707
103.058515707
103.058515707
103.058515707
103.058515707
103.058515707
103.058515707
103.058515707
103.058515707
103.058515707
103.058515707
103.058515707
103.058515707
103.058515707
103.058515707
103.058515707
103.058515707
103.058515707
103.058515707
103.058515707
103.058515707
103.058515707
103.058515707
103.058515707
103.058515707
103.058515707
103.058515707
103.058515707
103.058515707
103.058515707
103.058515707
103.058515707
103.058515707
103.058515707
103.058515707
103.058515707
103.058515707
103.058515707
103.058515707
103.058515707
103.058515707
103.058515707
103.058515707
103.058515707
103.058515707
103.058515707
103.058515707
103.058515707
103.058515707
103.058515707
103.058515707
103.058515707
103.058515707
103.058515707
103.058515707
103.058515707
103.058515707
103.058515707
103.058515707
103.058515707
103.058515707
103.058515707
103.058515707
103.058515707
103.058515707
103.058515707
103.058515707
103.058515707
103.058515707
103.058515707
103.058515707
103.058515707
103.058515707
103.058515707
103.058515707
103.058515707
103.058515707
103.058515707
103.058515707
103.058515707
103.058515707
103.058515707
103.058515707
103.058515707
103.058515707
103.058515707
103.058515707
103.058515707
103.058515707
103.058515707
103.058515707
103.058515707
103.058515707
103.058515707
103.058515707
103.058515707
103.058515707
103.058515707
103.058515707
103.058515707
103.058515707
103.058515707
103.058515707
103.058515707
103.058515707
103.058515707
103.058515707
103.058515707
103.058515707
103.058515707
103.058515707
103.058515707
103.058515707
103.058515707
103.058515707
103.058515707
103.058515707
103.058515707
103.058515707
103.058515707
103.058515707
103.058515707
103.058515707
103.058515707
103.058515707
103.058515707
103.058515707
103.058515707
103.058515707
103.058515707
103.058515707
103.058515707
103.058515707
103.058515707
103.058515707
103.058515707
103.058515707
103.058515707
103.058515707
103.058515707
103.058515707
103.058515707
103.058515707
103.058515707
103.058515707
103.058515707
103.058515707
103.058515707
103.058515707
103.058515707
103.058515707
103.058515707
103.058515707
103.058515707
103.058515707
103.058515707
103.058515707
103.058515707
103.058515707
103.058515707
103.058515707
103.058515707
103.058515707
103.058515707
103.058515707
103.058515707
103.058515707
103.058515707
103.058515707
103.058515707
103.058515707
103.058515707
103.058515707
103.058515707
103.058515707
103.058515707
103.058515707
103.058515707
103.058515707
103.058515707
103.058515707
103.058515707
103.058515707
103.058515707
103.058515707
103.058515707
103.058515707
103.058515707
103.058515707
103.058515707
103.058515707
103.058515707
103.058515707
103.058515707
103.058515707
103.058515707
103.058515707
103.058515707
103.058515707
103.058515707
103.058515707
103.058515707
103.058515707
103.058515707
103.058515707
103.058515707
103.058515707
103.058515707
103.058515707
103.058515707
103.058515707
103.058515707
103.058515707
103.058515707
103.058515707
103.058515707
103.058515707
103.058515707
103.058515707
103.058515707
103.058515707
103.058515707
103.058515707
103.058515707
103.058515707
103.058515707
103.058515707
103.058515707
103.058515707
103.058515707
103.058515707
103.058515707
103.058515707
103.058515707
103.058515707
103.058515707
103.058515707
103.058515707
103.058515707
103.058515707
103.058515707
103.058515707
103.058515707
103.058515707
103.058515707
103.058515707
103.058515707
103.058515707
103.058515707
103.058515707
103.058515707
103.058515707
103.058515707
103.058515707
103.058515707
103.058515707
103.058515707
103.058515707
103.058515707
103.058515707
103.058515707
103.058515707
103.058515707
103.058515707
103.058515707
103.058515707
103.058515707
103.058515707
103.058515707
103.058515707
103.058515707
103.058515707
103.058515707
103.058515707
103.058515707
103.058515707
103.058515707
103.058515707
103.058515707
103.058515707
103.058515707
103.058515707
103.058515707
103.058515707
103.058515707
103.058515707
103.058515707
103.058515707
103.058515707
103.058515707
103.058515707
103.058515707
103.058515707
103.058515707
103.058515707
103.058515707
103.058515707
103.058515707
103.058515707
103.058515707
103.058515707
103.058515707
103.058515707
103.058515707
103.058515707
103.058515707
103.058515707
103.058515707
103.058515707
103.058515707
103.058515707
103.058515707
103.058515707
103.058515707
103.058515707
103.058515707
103.058515707
103.058515707
103.058515707
103.058515707
103.058515707
103.058515707
103.058515707
103.058515707
103.058515707
103.058515707
103.058515707
103.058515707
103.058515707
103.058515707
103.058515707
103.058515707
103.058515707
103.058515707
103.058515707
103.058515707
103.058515707
103.058515707
103.058515707
103.058515707
103.058515707
103.058515707
103.058515707
103.058515707
103.058515707
103.058515707
103.058515707
103.058515707
103.058515707
103.058515707
103.058515707
103.058515707
103.058515707
103.058515707
103.058515707
103.058515707
103.058515707
103.058515707
103.058515707
103.058515707
103.058515707
103.058515707
103.058515707
103.058515707
103.058515707
103.058515707
103.058515707
103.058515707
103.058515707
103.058515707
103.058515707
103.058515707
103.058515707
103.058515707
103.058515707
103.058515707
103.058515707
103.058515707
103.058515707
103.058515707
103.058515707
103.058515707
103.058515707
103.058515707
103.058515707
103.058515707
103.058515707
103.058515707
103.058515707
103.058515707
103.058515707
103.058515707
103.058515707
103.058515707
103.058515707
103.058515707
103.058515707
103.058515707
103.058515707
103.058515707
103.058515707
103.058515707
103.058515707
103.058515707
103.058515707
103.058515707
103.058515707
103.058515707
103.058515707
103.058515707
103.058515707
103.058515707
103.058515707
103.058515707
103.058515707
103.058515707
103.058515707
103.058515707
103.058515707
103.058515707
103.058515707
103.058515707
103.058515707
103.058515707
103.058515707
103.058515707
103.058515707
103.058515707
103.058515707
103.058515707
103.058515707
103.058515707
103.058515707
103.058515707
103.058515707
103.058515707
103.058515707
103.058515707
103.058515707
103.058515707
103.058515707
103.058515707
103.058515707
103.058515707
103.058515707
103.058515707
103.058515707
103.058515707
103.058515707
103.058515707
103.058515707
103.058515707
103.058515707
103.058515707
103.058515707
103.058515707
103.058515707
103.058515707
103.058515707
103.058515707
103.058515707
103.058515707
103.058515707
103.058515707
103.058515707
103.058515707
103.058515707
103.058515707
103.058515707
103.058515707
103.058515707
103.058515707
103.058515707
103.058515707
103.058515707
103.058515707
103.058515707
103.058515707
103.058515707
103.058515707
103.058515707
103.058515707
103.058515707
103.058515707
103.058515707
103.058515707
103.058515707
103.058515707
103.058515707
103.058515707
103.058515707
103.058515707
103.058515707
103.058515707
103.058515707
103.058515707
103.058515707
103.058515707
103.058515707
103.058515707
103.058515707
103.058515707
103.058515707
103.058515707
103.058515707
103.058515707
103.058515707
103.058515707
103.058515707
103.058515707
103.058515707
103.058515707
103.058515707
103.058515707
103.058515707
103.058515707
103.058515707
103.058515707
103.058515707
103.058515707
103.058515707
103.058515707
103.058515707
103.058515707
103.058515707
103.058515707
103.058515707
103.058515707
103.058515707
103.058515707
103.058515707
103.058515707
103.058515707
103.058515707
103.058515707
103.058515707
103.058515707
103.058515707
103.058515707
103.058515707
103.058515707
103.058515707
103.058515707
103.058515707
103.058515707
103.058515707
103.058515707
103.058515707
103.058515707
103.058515707
103.058515707
103.058515707
103.058515707
103.058515707
103.058515707
103.058515707
103.058515707
103.058515707
103.058515707
103.058515707
103.058515707
103.058515707
103.058515707
103.058515707
103.058515707
103.058515707
103.058515707
103.058515707
103.058515707
103.058515707
103.058515707
103.058515707
103.058515707
103.058515707
103.058515707
103.058515707
103.058515707
103.058515707
103.058515707
103.058515707
103.058515707
103.058515707
103.058515707
103.058515707
103.058515707
103.058515707
103.058515707
103.058515707
103.058515707
103.058515707
103.058515707
103.058515707
103.058515707
103.058515707
103.058515707
103.058515707
103.058515707
103.058515707
103.058515707
103.058515707
103.058515707
103.058515707
103.058515707
103.058515707
103.058515707
103.058515707
103.058515707
103.058515707
103.058515707
103.058515707
103.058515707
103.058515707
103.058515707
103.058515707
103.058515707
103.058515707
103.058515707
103.058515707
103.058515707
103.058515707
103.058515707
103.058515707
103.058515707
103.058515707
103.058515707
103.058515707
103.058515707
103.058515707
103.058515707
103.058515707
103.058515707
103.058515707
103.058515707
103.058515707
103.058515707
103.058515707
103.058515707
103.058515707
103.058515707
103.058515707
103.058515707
103.058515707
103.058515707
103.058515707
103.058515707
103.058515707
103.058515707
103.058515707
103.058515707
103.058515707
103.058515707
103.058515707
103.058515707
103.058515707
103.058515707
103.058515707
103.058515707
103.058515707
103.058515707
103.058515707
103.058515707
103.058515707
103.058515707
103.058515707
103.058515707
103.058515707
103.058515707
103.058515707
103.058515707
103.058515707
103.058515707
103.058515707
103.058515707
103.058515707
103.058515707
103.058515707
103.058515707
103.058515707
103.058515707
103.058515707
103.058515707
103.058515707
103.058515707
103.058515707
103.058515707
103.058515707
103.058515707
103.058515707
103.058515707
103.058515707
103.058515707
103.058515707
103.058515707
103.058515707
103.058515707
103.058515707
103.058515707
103.058515707
103.058515707
103.058515707
103.058515707
103.058515707
103.058515707
103.058515707
103.058515707
103.058515707
103.058515707
103.058515707
103.058515707
103.058515707
103.058515707
103.058515707
103.058515707
103.058515707
103.058515707
103.058515707
103.058515707
103.058515707
103.058515707
103.058515707
103.058515707
103.058515707
103.058515707
103.058515707
103.058515707
103.058515707
103.058515707
103.058515707
103.058515707
103.058515707
103.058515707
103.058515707
103.058515707
103.058515707
103.058515707
103.058515707
103.058515707
103.058515707
103.058515707
103.058515707
103.058515707
103.058515707
103.058515707
103.058515707
103.058515707
103.058515707
103.058515707
103.058515707
103.058515707
103.058515707
103.058515707
103.058515707
103.058515707
103.058515707
103.058515707
103.058515707
103.058515707
103.058515707
103.058515707
103.058515707
103.058515707
103.058515707
103.058515707
103.058515707
103.058515707
103.058515707
103.058515707
103.058515707
103.058515707
103.058515707
103.058515707
103.058515707
103.058515707
103.058515707
103.058515707
103.058515707
103.058515707
103.058515707
103.058515707
103.058515707
103.058515707
103.058515707
103.058515707
103.058515707
103.058515707
103.058515707
103.058515707
103.058515707
103.058515707
103.058515707
103.058515707
103.058515707
103.058515707
103.058515707
103.058515707
103.058515707
103.058515707
103.058515707
103.058515707
103.058515707
103.058515707
103.058515707
103.058515707
103.058515707
103.058515707
103.058515707
103.058515707
103.058515707
103.058515707
103.058515707
103.058515707
103.058515707
103.058515707
103.058515707
103.058515707
103.058515707
103.058515707
103.058515707
103.058515707
103.058515707
103.058515707
103.058515707
103.058515707
103.058515707
103.058515707
103.058515707
103.058515707
103.058515707
103.058515707
103.058515707
103.058515707
103.058515707
103.058515707
103.058515707
103.058515707
103.058515707
103.058515707
103.058515707
103.058515707
103.058515707
103.058515707
103.058515707
103.058515707
103.058515707
103.058515707
103.058515707
103.058515707
103.058515707
103.058515707
103.058515707
103.058515707
103.058515707
103.058515707
103.058515707
103.058515707
103.058515707
103.058515707
103.058515707
103.058515707
103.058515707
103.058515707
103.058515707
103.058515707
103.058515707
103.058515707
103.058515707
103.058515707
103.058515707
103.058515707
103.058515707
103.058515707
103.058515707
103.058515707
103.058515707
103.058515707
103.058515707
103.058515707
103.058515707
103.058515707
103.058515707
103.058515707
103.058515707
103.058515707
103.058515707
103.058515707
103.058515707
103.058515707
103.058515707
103.058515707
103.058515707
103.058515707
103.058515707
103.058515707
103.058515707
103.058515707
103.058515707
103.058515707
103.058515707
103.058515707
103.058515707
103.058515707
103.058515707
103.058515707
103.058515707
103.058515707
103.058515707
103.058515707
103.058515707
103.058515707
103.058515707
103.058515707
103.058515707
103.058515707
103.058515707
103.058515707
103.058515707
103.058515707
103.058515707
103.058515707
103.058515707
103.058515707
103.058515707
103.058515707
103.058515707
103.058515707
103.058515707
103.058515707
103.058515707
103.058515707
103.058515707
103.058515707
103.058515707
103.058515707
103.058515707
103.058515707
103.058515707
103.058515707
103.058515707
103.058515707
103.058515707
103.058515707
103.058515707
103.058515707
103.058515707
103.058515707
103.058515707
103.058515707
103.058515707
103.058515707
103.058515707
103.058515707
103.058515707
103.058515707
103.058515707
103.058515707
103.058515707
103.058515707
103.058515707
103.058515707
103.058515707
103.058515707
103.058515707
103.058515707
103.058515707
103.058515707
103.058515707
103.058515707
103.058515707
103.058515707
103.058515707
103.058515707
103.058515707
103.058515707
103.058515707
103.058515707
103.058515707
103.058515707
103.058515707
103.058515707
103.058515707
103.058515707
103.058515707
103.058515707
103.058515707
103.058515707
103.058515707
103.058515707
103.058515707
103.058515707
103.058515707
103.058515707
103.058515707
103.058515707
103.058515707
103.058515707
103.058515707
103.058515707
103.058515707
103.058515707
103.058515707
103.058515707
103.058515707
103.058515707
103.058515707
103.058515707
103.058515707
103.058515707
103.058515707
103.058515707
103.058515707
103.058515707
103.058515707
103.058515707
103.058515707
103.058515707
103.058515707
103.058515707
103.058515707
103.058515707
103.058515707
103.058515707
103.058515707
103.058515707
103.058515707
103.058515707
103.058515707
103.058515707
103.058515707
103.058515707
103.058515707
103.058515707
103.058515707
103.058515707
103.058515707
103.058515707
103.058515707
103.058515707
103.058515707
103.058515707
103.058515707
103.058515707
103.058515707
103.058515707
103.058515707
103.058515707
103.058515707
103.058515707
103.058515707
103.058515707
103.058515707
103.058515707
103.058515707
103.058515707
103.058515707
103.058515707
103.058515707
103.058515707
103.058515707
103.058515707
103.058515707
103.058515707
103.058515707
103.058515707
103.058515707
103.058515707
103.058515707
103.058515707
103.058515707
103.058515707
103.058515707
103.058515707
103.058515707
103.058515707
103.058515707
103.058515707
103.058515707
103.058515707
103.058515707
103.058515707
103.058515707
103.058515707
103.058515707
103.058515707
103.058515707
103.058515707
103.058515707
103.058515707
103.058515707
103.058515707
103.058515707
103.058515707
103.058515707
103.058515707
103.058515707
103.058515707
103.058515707
103.058515707
103.058515707
103.058515707
103.058515707
103.058515707
103.058515707
103.058515707
103.058515707
103.058515707
103.058515707
103.058515707
103.058515707
103.058515707
103.058515707
103.058515707
103.058515707
103.058515707
103.058515707
103.058515707
103.058515707
103.058515707
103.058515707
103.058515707
103.058515707
103.058515707
103.058515707
103.058515707
103.058515707
103.058515707
103.058515707
103.058515707
103.058515707
103.058515707
103.058515707
103.058515707
103.058515707
103.058515707
103.058515707
103.058515707
103.058515707
103.058515707
103.058515707
103.058515707
103.058515707
103.058515707
103.058515707
103.058515707
103.058515707
103.058515707
103.058515707
103.058515707
103.058515707
103.058515707
103.058515707
103.058515707
103.058515707
103.058515707
103.058515707
103.058515707
103.058515707
103.058515707
103.058515707
103.058515707
103.058515707
103.058515707
103.058515707
103.058515707
103.058515707
103.058515707
103.058515707
103.058515707
103.058515707
103.058515707
103.058515707
103.058515707
103.058515707
103.058515707
103.058515707
103.058515707
103.058515707
103.058515707
103.058515707
103.058515707
103.058515707
103.058515707
103.058515707
103.058515707
103.058515707
103.058515707
103.058515707
103.058515707
103.058515707
103.058515707
103.058515707
103.058515707
103.058515707
103.058515707
103.058515707
103.058515707
103.058515707
103.058515707
103.058515707
103.058515707
103.058515707
103.058515707
103.058515707
103.058515707
103.058515707
103.058515707
103.058515707
103.058515707
103.058515707
103.058515707
103.058515707
103.058515707
103.058515707
103.058515707
103.058515707
103.058515707
103.058515707
103.058515707
103.058515707
103.058515707
103.058515707
103.058515707
103.058515707
103.058515707
103.058515707
103.058515707
103.058515707
103.058515707
103.058515707
103.058515707
103.058515707
103.058515707
103.058515707
103.058515707
103.058515707
103.058515707
103.058515707
103.058515707
103.058515707
103.058515707
103.058515707
103.058515707
103.058515707
103.058515707
103.058515707
103.058515707
103.058515707
103.058515707
103.058515707
103.058515707
103.058515707
103.058515707
103.058515707
103.058515707
103.058515707
103.058515707
103.058515707
103.058515707
103.058515707
103.058515707
103.058515707
103.058515707
103.058515707
103.058515707
103.058515707
103.058515707
103.058515707
103.058515707
103.058515707
103.058515707
103.058515707
103.058515707
103.058515707
103.058515707
103.058515707
103.058515707
103.058515707
103.058515707
103.058515707
103.058515707
103.058515707
103.058515707
103.058515707
103.058515707
103.058515707
103.058515707
103.058515707
103.058515707
103.058515707
103.058515707
103.058515707
103.058515707
103.058515707
103.058515707
103.058515707
103.058515707
103.058515707
103.058515707
103.058515707
103.058515707
103.058515707
103.058515707
103.058515707
103.058515707
103.058515707
103.058515707
103.058515707
103.058515707
103.058515707
103.058515707
103.058515707
103.058515707
103.058515707
103.058515707
103.058515707
103.058515707
103.058515707
103.058515707
103.058515707
103.058515707
103.058515707
103.058515707
103.058515707
103.058515707
103.058515707
103.058515707
103.058515707
103.058515707
103.058515707
103.058515707
103.058515707
103.058515707
103.058515707
103.058515707
103.058515707
103.058515707
103.058515707
103.058515707
103.058515707
103.058515707
103.058515707
103.058515707
103.058515707
103.058515707
103.058515707
103.058515707
103.058515707
103.058515707
103.058515707
103.058515707
103.058515707
103.058515707
103.058515707
103.058515707
103.058515707
103.058515707
103.058515707
103.058515707
103.058515707
103.058515707
103.058515707
103.058515707
103.058515707
103.058515707
103.058515707
103.058515707
103.058515707
103.058515707
103.058515707
103.058515707
103.058515707
103.058515707
103.058515707
103.058515707
103.058515707
103.058515707
103.058515707
103.058515707
103.058515707
103.058515707
103.058515707
103.058515707
103.058515707
103.058515707
103.058515707
103.058515707
103.058515707
103.058515707
103.058515707
103.058515707
103.058515707
103.058515707
103.058515707
103.058515707
103.058515707
103.058515707
103.058515707
103.058515707
103.058515707
103.058515707
103.058515707
103.058515707
103.058515707
103.058515707
103.058515707
103.058515707
103.058515707
103.058515707
103.058515707
103.058515707
103.058515707
103.058515707
103.058515707
103.058515707
103.058515707
103.058515707
103.058515707
103.058515707
103.058515707
103.058515707
103.058515707
103.058515707
103.058515707
103.058515707
103.058515707
103.058515707
103.058515707
103.058515707
103.058515707
103.058515707
103.058515707
103.058515707
103.058515707
103.058515707
103.058515707
103.058515707
103.058515707
103.058515707
103.058515707
103.058515707
103.058515707
103.058515707
103.058515707
103.058515707
103.058515707
103.058515707
103.058515707
103.058515707
103.058515707
103.058515707
103.058515707
103.058515707
103.058515707
103.058515707
103.058515707
103.058515707
103.058515707
103.058515707
103.058515707
103.058515707
103.058515707
103.058515707
103.058515707
103.058515707
103.058515707
103.058515707
103.058515707
103.058515707
103.058515707
103.058515707
103.058515707
103.058515707
103.058515707
103.058515707
103.058515707
103.058515707
103.058515707
103.058515707
103.058515707
103.058515707
103.058515707
103.058515707
103.058515707
103.058515707
103.058515707
103.058515707
103.058515707
103.058515707
103.058515707
103.058515707
103.058515707
103.058515707
103.058515707
103.058515707
103.058515707
103.058515707
103.058515707
103.058515707
103.058515707
103.058515707
103.058515707
103.058515707
103.058515707
103.058515707
103.058515707
103.058515707
103.058515707
103.058515707
103.058515707
103.058515707
103.058515707
103.058515707
103.058515707
103.058515707
103.058515707
103.058515707
103.058515707
103.058515707
103.058515707
103.058515707
103.058515707
103.058515707
103.058515707
103.058515707
103.058515707
103.058515707
103.058515707
103.058515707
103.058515707
103.058515707
103.058515707
103.058515707
103.058515707
103.058515707
103.058515707
103.058515707
103.058515707
103.058515707
103.058515707
103.058515707
103.058515707
103.058515707
103.058515707
103.058515707
103.058515707
103.058515707
103.058515707
103.058515707
103.058515707
103.058515707
103.058515707
103.058515707
103.058515707
103.058515707
103.058515707
103.058515707
103.058515707
103.058515707
103.058515707
103.058515707
103.058515707
103.058515707
103.058515707
103.058515707
103.058515707
103.058515707
103.058515707
103.058515707
103.058515707
103.058515707
103.058515707
103.058515707
103.058515707
103.058515707
103.058515707
103.058515707
103.058515707
103.058515707
103.058515707
103.058515707
103.058515707
103.058515707
103.058515707
103.058515707
103.058515707
103.058515707
103.058515707
103.058515707
103.058515707
103.058515707
103.058515707
103.058515707
103.058515707
103.058515707
103.058515707
103.058515707
103.058515707
103.058515707
103.058515707
103.058515707
103.058515707
103.058515707
103.058515707
103.058515707
103.058515707
103.058515707
103.058515707
103.058515707
103.058515707
103.058515707
103.058515707
103.058515707
103.058515707
103.058515707
103.058515707
103.058515707
103.058515707
103.058515707
103.058515707
103.058515707
103.058515707
103.058515707
103.058515707
103.058515707
103.058515707
103.058515707
103.058515707
103.058515707
103.058515707
103.058515707
103.058515707
103.058515707
103.058515707
103.058515707
103.058515707
103.058515707
103.058515707
103.058515707
103.058515707
103.058515707
103.058515707
103.058515707
103.058515707
103.058515707
103.058515707
103.058515707
103.058515707
103.058515707
103.058515707
103.058515707
103.058515707
103.058515707
103.058515707
103.058515707
103.058515707
103.058515707
103.058515707
103.058515707
103.058515707
103.058515707
103.058515707
103.058515707
103.058515707
103.058515707
103.058515707
103.058515707
103.058515707
103.058515707
103.058515707
103.058515707
103.058515707
103.058515707
103.058515707
103.058515707
103.058515707
103.058515707
103.058515707
103.058515707
103.058515707
103.058515707
103.058515707
103.058515707
103.058515707
103.058515707
103.058515707
103.058515707
103.058515707
103.058515707
103.058515707
103.058515707
103.058515707
103.058515707
103.058515707
103.058515707
103.058515707
103.058515707
103.058515707
103.058515707
103.058515707
103.058515707
103.058515707
103.058515707
103.058515707
103.058515707
103.058515707
103.058515707
103.058515707
103.058515707
103.058515707
103.058515707
103.058515707
103.058515707
103.058515707
103.058515707
103.058515707
103.058515707
103.058515707
103.058515707
103.058515707
103.058515707
103.058515707
103.058515707
103.058515707
103.058515707
103.058515707
103.058515707
103.058515707
103.058515707
103.058515707
103.058515707
103.058515707
103.058515707
103.058515707
103.058515707
103.058515707
103.058515707
103.058515707
103.058515707
103.058515707
103.058515707
103.058515707
103.058515707
103.058515707
103.058515707
103.058515707
103.058515707
103.058515707
103.058515707
103.058515707
103.058515707
103.058515707
103.058515707
103.058515707
103.058515707
103.058515707
103.058515707
103.058515707
103.058515707
103.058515707
103.058515707
103.058515707
103.058515707
103.058515707
103.058515707
103.058515707
103.058515707
103.058515707
103.058515707
103.058515707
103.058515707
103.058515707
103.058515707
103.058515707
103.058515707
103.058515707
103.058515707
103.058515707
103.058515707
103.058515707
103.058515707
103.058515707
103.058515707
103.058515707
103.058515707
103.058515707
103.058515707
103.058515707
103.058515707
103.058515707
103.058515707
103.058515707
103.058515707
103.058515707
103.058515707
103.058515707
103.058515707
103.058515707
103.058515707
103.058515707
103.058515707
103.058515707
103.058515707
103.058515707
103.058515707
103.058515707
103.058515707
103.058515707
103.058515707
103.058515707
103.058515707
103.058515707
103.058515707
103.058515707
103.058515707
103.058515707
103.058515707
103.058515707
103.058515707
103.058515707
103.058515707
103.058515707
103.058515707
103.058515707
103.058515707
103.058515707
103.058515707
103.058515707
103.058515707
103.058515707
103.058515707
103.058515707
103.058515707
103.058515707
103.058515707
103.058515707
103.058515707
103.058515707
103.058515707
103.058515707
103.058515707
103.058515707
103.058515707
103.058515707
103.058515707
103.058515707
103.058515707
103.058515707
103.058515707
103.058515707
103.058515707
103.058515707
103.058515707
103.058515707
103.058515707
103.058515707
103.058515707
103.058515707
103.058515707
103.058515707
103.058515707
103.058515707
103.058515707
103.058515707
103.058515707
103.058515707
103.058515707
103.058515707
103.058515707
103.058515707
103.058515707
103.058515707
103.058515707
103.058515707
103.058515707
103.058515707
103.058515707
103.058515707
103.058515707
103.058515707
103.058515707
103.058515707
103.058515707
103.058515707
103.058515707
103.058515707
103.058515707
103.058515707
103.058515707
103.058515707
103.058515707
103.058515707
103.058515707
103.058515707
103.058515707
103.058515707
103.058515707
103.058515707
103.058515707
103.058515707
103.058515707
103.058515707
103.058515707
103.058515707
103.058515707
103.058515707
103.058515707
103.058515707
103.058515707
103.058515707
103.058515707
103.058515707
103.058515707
103.058515707
103.058515707
103.058515707
103.058515707
103.058515707
103.058515707
103.058515707
103.058515707
103.058515707
103.058515707
103.058515707
103.058515707
103.058515707
103.058515707
103.058515707
103.058515707
103.058515707
103.058515707
103.058515707
103.058515707
103.058515707
103.058515707
103.058515707
103.058515707
103.058515707
103.058515707
103.058515707
103.058515707
103.058515707
103.058515707
103.058515707
103.058515707
103.058515707
103.058515707
103.058515707
103.058515707
103.058515707
103.058515707
103.058515707
103.058515707
103.058515707
103.058515707
103.058515707
103.058515707
103.058515707
103.058515707
103.058515707
103.058515707
103.058515707
103.058515707
103.058515707
103.058515707
103.058515707
103.058515707
103.058515707
103.058515707
103.058515707
103.058515707
103.058515707
103.058515707
103.058515707
103.058515707
103.058515707
103.058515707
103.058515707
103.058515707
103.058515707
103.058515707
103.058515707
103.058515707
103.058515707
103.058515707
103.058515707
103.058515707
103.058515707
103.058515707
103.058515707
103.058515707
103.058515707
103.058515707
103.058515707
103.058515707
103.058515707
103.058515707
103.058515707
103.058515707
103.058515707
103.058515707
103.058515707
103.058515707
103.058515707
103.058515707
103.058515707
103.058515707
103.058515707
103.058515707
103.058515707
103.058515707
103.058515707
103.058515707
103.058515707
103.058515707
103.058515707
103.058515707
103.058515707
103.058515707
103.058515707
103.058515707
103.058515707
103.058515707
103.058515707
103.058515707
103.058515707
103.058515707
103.058515707
103.058515707
103.058515707
103.058515707
103.058515707
103.058515707
103.058515707
103.058515707
103.058515707
103.058515707
103.058515707
103.058515707
103.058515707
103.058515707
103.058515707
103.058515707
103.058515707
103.058515707
103.058515707
103.058515707
103.058515707
103.058515707
103.058515707
103.058515707
103.058515707
103.058515707
103.058515707
103.058515707
103.058515707
103.058515707
103.058515707
103.058515707
103.058515707
103.058515707
103.058515707
103.058515707
103.058515707
103.058515707
103.058515707
103.058515707
103.058515707
103.058515707
103.058515707
103.058515707
103.058515707
103.058515707
103.058515707
103.058515707
103.058515707
103.058515707
103.058515707
103.058515707
103.058515707
103.058515707
103.058515707
103.058515707
103.058515707
103.058515707
103.058515707
103.058515707
103.058515707
103.058515707
103.058515707
103.058515707
103.058515707
103.058515707
103.058515707
103.058515707
103.058515707
103.058515707
103.058515707
103.058515707
103.058515707
103.058515707
103.058515707
103.058515707
103.058515707
103.058515707
103.058515707
103.058515707
103.058515707
103.058515707
103.058515707
103.058515707
103.058515707
103.058515707
103.058515707
103.058515707
103.058515707
103.058515707
103.058515707
103.058515707
103.058515707
103.058515707
103.058515707
103.058515707
103.058515707
103.058515707
103.058515707
103.058515707
103.058515707
103.058515707
103.058515707
103.058515707
103.058515707
103.058515707
103.058515707
103.058515707
103.058515707
103.058515707
103.058515707
103.058515707
103.058515707
103.058515707
103.058515707
103.058515707
103.058515707
103.058515707
103.058515707
103.058515707
103.058515707
103.058515707
103.058515707
103.058515707
103.058515707
103.058515707
103.058515707
103.058515707
103.058515707
103.058515707
103.058515707
103.058515707
103.058515707
103.058515707
103.058515707
103.058515707
103.058515707
103.058515707
103.058515707
103.058515707
103.058515707
103.058515707
103.058515707
103.058515707
103.058515707
103.058515707
103.058515707
103.058515707
103.058515707
103.058515707
103.058515707
103.058515707
103.058515707
103.058515707
103.058515707
103.058515707
103.058515707
103.058515707
103.058515707
103.058515707
103.058515707
103.058515707
103.058515707
103.058515707
103.058515707
103.058515707
103.058515707
103.058515707
103.058515707
103.058515707
103.058515707
103.058515707
103.058515707
103.058515707
103.058515707
103.058515707
103.058515707
103.058515707
103.058515707
103.058515707
103.058515707
103.058515707
103.058515707
103.058515707
103.058515707
103.058515707
103.058515707
103.058515707
103.058515707
103.058515707
103.058515707
103.058515707
103.058515707
103.058515707
103.058515707
103.058515707
103.058515707
103.058515707
103.058515707
103.058515707
103.058515707
103.058515707
103.058515707
103.058515707
103.058515707
103.058515707
103.058515707
103.058515707
103.058515707
103.058515707
103.058515707
103.058515707
103.058515707
103.058515707
103.058515707
103.058515707
103.058515707
103.058515707
103.058515707
103.058515707
103.058515707
103.058515707
103.058515707
103.058515707
103.058515707
103.058515707
103.058515707
103.058515707
103.058515707
103.058515707
103.058515707
103.058515707
103.058515707
103.058515707
103.058515707
103.058515707
103.058515707
103.058515707
103.058515707
103.058515707
103.058515707
103.058515707
103.058515707
103.058515707
103.058515707
103.058515707
103.058515707
103.058515707
103.058515707
103.058515707
103.058515707
103.058515707
103.058515707
103.058515707
103.058515707
103.058515707
103.058515707
103.058515707
103.058515707
103.058515707
103.058515707
103.058515707
103.058515707
103.058515707
103.058515707
103.058515707
103.058515707
103.058515707
103.058515707
103.058515707
103.058515707
103.058515707
103.058515707
103.058515707
103.058515707
103.058515707
103.058515707
103.058515707
103.058515707
103.058515707
103.058515707
103.058515707
103.058515707
103.058515707
103.058515707
103.058515707
103.058515707
103.058515707
103.058515707
103.058515707
103.058515707
103.058515707
103.058515707
103.058515707
103.058515707
103.058515707
103.058515707
103.058515707
103.058515707
103.058515707
103.058515707
103.058515707
103.058515707
103.058515707
103.058515707
103.058515707
103.058515707
103.058515707
103.058515707
103.058515707
103.058515707
103.058515707
103.058515707
103.058515707
103.058515707
103.058515707
103.058515707
103.058515707
103.058515707
103.058515707
103.058515707
103.058515707
103.058515707
103.058515707
103.058515707
103.058515707
103.058515707
103.058515707
103.058515707
103.058515707
103.058515707
103.058515707
103.058515707
103.058515707
103.058515707
103.058515707
103.058515707
103.058515707
103.058515707
103.058515707
103.058515707
103.058515707
103.058515707
103.058515707
103.058515707
103.058515707
103.058515707
103.058515707
103.058515707
103.058515707
103.058515707
103.058515707
103.058515707
103.058515707
103.058515707
103.058515707
103.058515707
103.058515707
103.058515707
103.058515707
103.058515707
103.058515707
103.058515707
103.058515707
103.058515707
103.058515707
103.058515707
103.058515707
103.058515707
103.058515707
103.058515707
103.058515707
103.058515707
103.058515707
103.058515707
103.058515707
103.058515707
103.058515707
103.058515707
103.058515707
103.058515707
103.058515707
103.058515707
103.058515707
103.058515707
103.058515707
103.058515707
103.058515707
103.058515707
103.058515707
103.058515707
103.058515707
103.058515707
103.058515707
103.058515707
103.058515707
103.058515707
103.058515707
103.058515707
103.058515707
103.058515707
103.058515707
103.058515707
103.058515707
103.058515707
103.058515707
103.058515707
103.058515707
103.058515707
103.058515707
103.058515707
103.058515707
103.058515707
103.058515707
103.058515707
103.058515707
103.058515707
103.058515707
103.058515707
103.058515707
103.058515707
103.058515707
103.058515707
103.058515707
103.058515707
103.058515707
103.058515707
103.058515707
103.058515707
103.058515707
103.058515707
103.058515707
103.058515707
103.058515707
103.058515707
103.058515707
103.058515707
103.058515707
103.058515707
103.058515707
103.058515707
103.058515707
103.058515707
103.058515707
103.058515707
103.058515707
103.058515707
103.058515707
103.058515707
103.058515707
103.058515707
103.058515707
103.058515707
103.058515707
103.058515707
103.058515707
103.058515707
103.058515707
103.058515707
103.058515707
103.058515707
103.058515707
103.058515707
103.058515707
103.058515707
103.058515707
103.058515707
103.058515707
103.058515707
103.058515707
103.058515707
103.058515707
103.058515707
103.058515707
103.058515707
103.058515707
103.058515707
103.058515707
103.058515707
103.058515707
103.058515707
103.058515707
103.058515707
103.058515707
103.058515707
103.058515707
103.058515707
103.058515707
103.058515707
103.058515707
103.058515707
103.058515707
103.058515707
103.058515707
103.058515707
103.058515707
103.058515707
103.058515707
103.058515707
103.058515707
103.058515707
103.058515707
103.058515707
103.058515707
103.058515707
103.058515707
103.058515707
103.058515707
103.058515707
103.058515707
103.058515707
103.058515707
103.058515707
103.058515707
103.058515707
103.058515707
103.058515707
103.058515707
103.058515707
103.058515707
103.058515707
103.058515707
103.058515707
103.058515707
103.058515707
103.058515707
103.058515707
103.058515707
103.058515707
103.058515707
103.058515707
103.058515707
103.058515707
103.058515707
103.058515707
103.058515707
103.058515707
103.058515707
103.058515707
103.058515707
103.058515707
103.058515707
103.058515707
103.058515707
103.058515707
103.058515707
103.058515707
103.058515707
103.058515707
103.058515707
103.058515707
103.058515707
103.058515707
103.058515707
103.058515707
103.058515707
103.058515707
103.058515707
103.058515707
103.058515707
103.058515707
103.058515707
103.058515707
103.058515707
103.058515707
103.058515707
103.058515707
103.058515707
103.058515707
103.058515707
103.058515707
103.058515707
103.058515707
103.058515707
103.058515707
103.058515707
103.058515707
103.058515707
103.058515707
103.058515707
103.058515707
103.058515707
103.058515707
103.058515707
103.058515707
103.058515707
103.058515707
103.058515707
103.058515707
103.058515707
103.058515707
103.058515707
103.058515707
103.058515707
103.058515707
103.058515707
103.058515707
103.058515707
103.058515707
103.058515707
103.058515707
103.058515707
103.058515707
103.058515707
103.058515707
103.058515707
103.058515707
103.058515707
103.058515707
103.058515707
103.058515707
103.058515707
103.058515707
103.058515707
103.058515707
103.058515707
103.058515707
103.058515707
103.058515707
103.058515707
103.058515707
103.058515707
103.058515707
103.058515707
103.058515707
103.058515707
103.058515707
103.058515707
103.058515707
103.058515707
103.058515707
103.058515707
103.058515707
103.058515707
103.058515707
103.058515707
103.058515707
103.058515707
103.058515707
103.058515707
103.058515707
103.058515707
103.058515707
103.058515707
103.058515707
103.058515707
103.058515707
103.058515707
103.058515707
103.058515707
103.058515707
103.058515707
103.058515707
103.058515707
103.058515707
103.058515707
103.058515707
103.058515707
103.058515707
103.058515707
103.058515707
103.058515707
103.058515707
103.058515707
103.058515707
103.058515707
103.058515707
103.058515707
103.058515707
103.058515707
103.058515707
103.058515707
103.058515707
103.058515707
103.058515707
103.058515707
103.058515707
103.058515707
103.058515707
103.058515707
103.058515707
103.058515707
103.058515707
103.058515707
103.058515707
103.058515707
103.058515707
103.058515707
103.058515707
103.058515707
103.058515707
103.058515707
103.058515707
103.058515707
103.058515707
103.058515707
103.058515707
103.058515707
103.058515707
103.058515707
103.058515707
103.058515707
103.058515707
103.058515707
103.058515707
103.058515707
103.058515707
103.058515707
103.058515707
103.058515707
103.058515707
103.058515707
103.058515707
103.058515707
103.058515707
103.058515707
103.058515707
103.058515707
103.058515707
103.058515707
103.058515707
103.058515707
103.058515707
103.058515707
103.058515707
103.058515707
103.058515707
103.058515707
103.058515707
103.058515707
103.058515707
103.058515707
103.058515707
103.058515707
103.058515707
103.058515707
103.058515707
103.058515707
103.058515707
103.058515707
103.058515707
103.058515707
103.058515707
103.058515707
103.058515707
103.058515707
103.058515707
103.058515707
103.058515707
103.058515707
103.058515707
103.058515707
103.058515707
103.058515707
103.058515707
103.058515707
103.058515707
103.058515707
103.058515707
103.058515707
103.058515707
103.058515707
103.058515707
103.058515707
103.058515707
103.058515707
103.058515707
103.058515707
103.058515707
103.058515707
103.058515707
103.058515707
103.058515707
103.058515707
103.058515707
103.058515707
103.058515707
103.058515707
103.058515707
103.058515707
103.058515707
103.058515707
103.058515707
103.058515707
103.058515707
103.058515707
103.058515707
103.058515707
103.058515707
103.058515707
103.058515707
103.058515707
103.058515707
103.058515707
103.058515707
103.058515707
103.058515707
103.058515707
103.058515707
103.058515707
103.058515707
103.058515707
103.058515707
103.058515707
103.058515707
103.058515707
103.058515707
103.058515707
103.058515707
103.058515707
103.058515707
103.058515707
103.058515707
103.058515707
103.058515707
103.058515707
103.058515707
103.058515707
103.058515707
103.058515707
103.058515707
103.058515707
103.058515707
103.058515707
103.058515707
103.058515707
103.058515707
103.058515707
103.058515707
103.058515707
103.058515707
103.058515707
103.058515707
103.058515707
103.058515707
103.058515707
103.058515707
103.058515707
103.058515707
103.058515707
103.058515707
103.058515707
103.058515707
103.058515707
103.058515707
103.058515707
103.058515707
103.058515707
103.058515707
103.058515707
103.058515707
103.058515707
103.058515707
103.058515707
103.058515707
103.058515707
103.058515707
103.058515707
103.058515707
103.058515707
103.058515707
103.058515707
103.058515707
103.058515707
103.058515707
103.058515707
103.058515707
103.058515707
103.058515707
103.058515707
103.058515707
103.058515707
103.058515707
103.058515707
103.058515707
103.058515707
103.058515707
103.058515707
103.058515707
103.058515707
103.058515707
103.058515707
103.058515707
103.058515707
103.058515707
103.058515707
103.058515707
103.058515707
103.058515707
103.058515707
103.058515707
103.058515707
103.058515707
103.058515707
103.058515707
103.058515707
103.058515707
103.058515707
103.058515707
103.058515707
103.058515707
103.058515707
103.058515707
103.058515707
103.058515707
103.058515707
103.058515707
103.058515707
103.058515707
103.058515707
103.058515707
103.058515707
103.058515707
103.058515707
103.058515707
103.058515707
103.058515707
103.058515707
103.058515707
103.058515707
103.058515707
103.058515707
103.058515707
103.058515707
103.058515707
103.058515707
103.058515707
103.058515707
103.058515707
103.058515707
103.058515707
103.058515707
103.058515707
103.058515707
103.058515707
103.058515707
103.058515707
103.058515707
103.058515707
103.058515707
103.058515707
103.058515707
103.058515707
103.058515707
103.058515707
103.058515707
103.058515707
103.058515707
103.058515707
103.058515707
103.058515707
103.058515707
103.058515707
103.058515707
103.058515707
103.058515707
103.058515707
103.058515707
103.058515707
103.058515707
103.058515707
103.058515707
103.058515707
103.058515707
103.058515707
103.058515707
103.058515707
103.058515707
103.058515707
103.058515707
103.058515707
103.058515707
103.058515707
103.058515707
103.058515707
103.058515707
103.058515707
103.058515707
103.058515707
103.058515707
103.058515707
103.058515707
103.058515707
103.058515707
103.058515707
103.058515707
103.058515707
103.058515707
103.058515707
103.058515707
103.058515707
103.058515707
103.058515707
103.058515707
103.058515707
103.058515707
103.058515707
103.058515707
103.058515707
103.058515707
103.058515707
103.058515707
103.058515707
103.058515707
103.058515707
103.058515707
103.058515707
103.058515707
103.058515707
103.058515707
103.058515707
103.058515707
103.058515707
103.058515707
103.058515707
103.058515707
103.058515707
103.058515707
103.058515707
103.058515707
103.058515707
103.058515707
103.058515707
103.058515707
103.058515707
103.058515707
103.058515707
103.058515707
103.058515707
103.058515707
103.058515707
103.058515707
103.058515707
103.058515707
103.058515707
103.058515707
103.058515707
103.058515707
103.058515707
103.058515707
103.058515707
103.058515707
103.058515707
103.058515707
103.058515707
103.058515707
103.058515707
103.058515707
103.058515707
103.058515707
103.058515707
103.058515707
103.058515707
103.058515707
103.058515707
103.058515707
103.058515707
103.058515707
103.058515707
103.058515707
103.058515707
103.058515707
103.058515707
103.058515707
103.058515707
103.058515707
103.058515707
103.058515707
103.058515707
103.058515707
103.058515707
103.058515707
103.058515707
103.058515707
103.058515707
103.058515707
103.058515707
103.058515707
103.058515707
103.058515707
103.058515707
103.058515707
103.058515707
103.058515707
103.058515707
103.058515707
103.058515707
103.058515707
103.058515707
103.058515707
103.058515707
103.058515707
103.058515707
103.058515707
103.058515707
103.058515707
103.058515707
103.058515707
103.058515707
103.058515707
103.058515707
103.058515707
103.058515707
103.058515707
103.058515707
103.058515707
103.058515707
103.058515707
103.058515707
103.058515707
103.058515707
103.058515707
103.058515707
103.058515707
103.058515707
103.058515707
103.058515707
103.058515707
103.058515707
103.058515707
103.058515707
103.058515707
103.058515707
103.058515707
103.058515707
103.058515707
103.058515707
103.058515707
103.058515707
103.058515707
103.058515707
103.058515707
103.058515707
103.058515707
103.058515707
103.058515707
103.058515707
103.058515707
103.058515707
103.058515707
103.058515707
103.058515707
103.058515707
103.058515707
103.058515707
103.058515707
103.058515707
103.058515707
103.058515707
103.058515707
103.058515707
103.058515707
103.058515707
103.058515707
103.058515707
103.058515707
103.058515707
103.058515707
103.058515707
103.058515707
103.058515707
103.058515707
103.058515707
103.058515707
103.058515707
103.058515707
103.058515707
103.058515707
103.058515707
103.058515707
103.058515707
103.058515707
103.058515707
103.058515707
103.058515707
103.058515707
103.058515707
103.058515707
103.058515707
103.058515707
103.058515707
103.058515707
103.058515707
103.058515707
103.058515707
103.058515707
103.058515707
103.058515707
103.058515707
103.058515707
103.058515707
103.058515707
103.058515707
103.058515707
103.058515707
103.058515707
103.058515707
103.058515707
103.058515707
103.058515707
103.058515707
103.058515707
103.058515707
103.058515707
103.058515707
103.058515707
103.058515707
103.058515707
103.058515707
103.058515707
103.058515707
103.058515707
103.058515707
103.058515707
103.058515707
103.058515707
103.058515707
103.058515707
103.058515707
103.058515707
103.058515707
103.058515707
103.058515707
103.058515707
103.058515707
103.058515707
103.058515707
103.058515707
103.058515707
103.058515707
103.058515707
103.058515707
103.058515707
103.058515707
103.058515707
103.058515707
103.058515707
103.058515707
103.058515707
103.058515707
103.058515707
103.058515707
103.058515707
103.058515707
103.058515707
103.058515707
103.058515707
103.058515707
103.058515707
103.058515707
103.058515707
103.058515707
103.058515707
103.058515707
103.058515707
103.058515707
103.058515707
103.058515707
103.058515707
103.058515707
103.058515707
103.058515707
103.058515707
103.058515707
103.058515707
103.058515707
103.058515707
103.058515707
103.058515707
103.058515707
103.058515707
103.058515707
103.058515707
103.058515707
103.058515707
103.058515707
103.058515707
103.058515707
103.058515707
103.058515707
103.058515707
103.058515707
103.058515707
103.058515707
103.058515707
103.058515707
103.058515707
103.058515707
103.058515707
103.058515707
103.058515707
103.058515707
103.058515707
103.058515707
103.058515707
103.058515707
103.058515707
103.058515707
103.058515707
103.058515707
103.058515707
103.058515707
103.058515707
103.058515707
103.058515707
103.058515707
103.058515707
103.058515707
103.058515707
103.058515707
103.058515707
103.058515707
103.058515707
103.058515707
103.058515707
103.058515707
103.058515707
103.058515707
103.058515707
103.058515707
103.058515707
103.058515707
103.058515707
103.058515707
103.058515707
103.058515707
103.058515707
103.058515707
103.058515707
103.058515707
103.058515707
103.058515707
103.058515707
103.058515707
103.058515707
103.058515707
103.058515707
103.058515707
103.058515707
103.058515707
103.058515707
103.058515707
103.058515707
103.058515707
103.058515707
103.058515707
103.058515707
103.058515707
103.058515707
103.058515707
103.058515707
103.058515707
103.058515707
103.058515707
103.058515707
103.058515707
103.058515707
103.058515707
103.058515707
103.058515707
103.058515707
103.058515707
103.058515707
103.058515707
103.058515707
103.058515707
103.058515707
103.058515707
103.058515707
103.058515707
103.058515707
103.058515707
103.058515707
103.058515707
103.058515707
103.058515707
103.058515707
103.058515707
103.058515707
103.058515707
103.058515707
103.058515707
103.058515707
103.058515707
103.058515707
103.058515707
103.058515707
103.058515707
103.058515707
103.058515707
103.058515707
103.058515707
103.058515707
103.058515707
103.058515707
103.058515707
103.058515707
103.058515707
103.058515707
103.058515707
103.058515707
103.058515707
103.058515707
103.058515707
103.058515707
103.058515707
103.058515707
103.058515707
103.058515707
103.058515707
103.058515707
103.058515707
103.058515707
103.058515707
103.058515707
103.058515707
103.058515707
103.058515707
103.058515707
103.058515707
103.058515707
103.058515707
103.058515707
103.058515707
103.058515707
103.058515707
103.058515707
103.058515707
103.058515707
103.058515707
103.058515707
103.058515707
103.058515707
103.058515707
103.058515707
103.058515707
103.058515707
103.058515707
103.058515707
103.058515707
103.058515707
103.058515707
103.058515707
103.058515707
103.058515707
103.058515707
103.058515707
103.058515707
103.058515707
103.058515707
103.058515707
103.058515707
103.058515707
103.058515707
103.058515707
103.058515707
103.058515707
103.058515707
103.058515707
103.058515707
103.058515707
103.058515707
103.058515707
103.058515707
103.058515707
103.058515707
103.058515707
103.058515707
103.058515707
103.058515707
103.058515707
103.058515707
103.058515707
103.058515707
103.058515707
103.058515707
103.058515707
103.058515707
103.058515707
103.058515707
103.058515707
103.058515707
103.058515707
103.058515707
103.058515707
103.058515707
103.058515707
103.058515707
103.058515707
103.058515707
103.058515707
103.058515707
103.058515707
103.058515707
103.058515707
103.058515707
103.058515707
103.058515707
103.058515707
103.058515707
103.058515707
103.058515707
103.058515707
103.058515707
103.058515707
103.058515707
103.058515707
103.058515707
103.058515707
103.058515707
103.058515707
103.058515707
103.058515707
103.058515707
103.058515707
103.058515707
103.058515707
103.058515707
103.058515707
103.058515707
103.058515707
103.058515707
103.058515707
103.058515707
103.058515707
103.058515707
103.058515707
103.058515707
103.058515707
103.058515707
103.058515707
103.058515707
103.058515707
103.058515707
103.058515707
103.058515707
103.058515707
103.058515707
103.058515707
103.058515707
103.058515707
103.058515707
103.058515707
103.058515707
103.058515707
103.058515707
103.058515707
103.058515707
103.058515707
103.058515707
103.058515707
103.058515707
103.058515707
103.058515707
103.058515707
103.058515707
103.058515707
103.058515707
103.058515707
103.058515707
103.058515707
103.058515707
103.058515707
103.058515707
103.058515707
103.058515707
103.058515707
103.058515707
103.058515707
103.058515707
103.058515707
103.058515707
103.058515707
103.058515707
103.058515707
103.058515707
103.058515707
103.058515707
103.058515707
103.058515707
103.058515707
103.058515707
103.058515707
103.058515707
103.058515707
103.058515707
103.058515707
103.058515707
103.058515707
103.058515707
103.058515707
103.058515707
103.058515707
103.058515707
103.058515707
103.058515707
103.058515707
103.058515707
103.058515707
103.058515707
103.058515707
103.058515707
103.058515707
103.058515707
103.058515707
103.058515707
103.058515707
103.058515707
103.058515707
103.058515707
103.058515707
103.058515707
103.058515707
103.058515707
103.058515707
103.058515707
103.058515707
103.058515707
103.058515707
103.058515707
103.058515707
103.058515707
103.058515707
103.058515707
103.058515707
103.058515707
103.058515707
103.058515707
103.058515707
103.058515707
103.058515707
103.058515707
103.058515707
103.058515707
103.058515707
103.058515707
103.058515707
103.058515707
103.058515707
103.058515707
103.058515707
103.058515707
103.058515707
103.058515707
103.058515707
103.058515707
103.058515707
103.058515707
103.058515707
103.058515707
103.058515707
103.058515707
103.058515707
103.058515707
103.058515707
103.058515707
103.058515707
103.058515707
103.058515707
103.058515707
103.058515707
103.058515707
103.058515707
103.058515707
103.058515707
103.058515707
103.058515707
103.058515707
103.058515707
103.058515707
103.058515707
103.058515707
103.058515707
103.058515707
103.058515707
103.058515707
103.058515707
103.058515707
103.058515707
103.058515707
103.058515707
103.058515707
103.058515707
103.058515707
103.058515707
103.058515707
103.058515707
103.058515707
103.058515707
103.058515707
103.058515707
103.058515707
103.058515707
103.058515707
103.058515707
103.058515707
103.058515707
103.058515707
103.058515707
103.058515707
103.058515707
103.058515707
103.058515707
103.058515707
103.058515707
103.058515707
103.058515707
103.058515707
103.058515707
103.058515707
103.058515707
103.058515707
103.058515707
103.058515707
103.058515707
103.058515707
103.058515707
103.058515707
103.058515707
103.058515707
103.058515707
103.058515707
103.058515707
103.058515707
103.058515707
103.058515707
103.058515707
103.058515707
103.058515707
103.058515707
103.058515707
103.058515707
103.058515707
103.058515707
103.058515707
103.058515707
103.058515707
103.058515707
103.058515707
103.058515707
103.058515707
103.058515707
103.058515707
103.058515707
103.058515707
103.058515707
103.058515707
103.058515707
103.058515707
103.058515707
103.058515707
103.058515707
103.058515707
103.058515707
103.058515707
103.058515707
103.058515707
103.058515707
103.058515707
103.058515707
103.058515707
103.058515707
103.058515707
103.058515707
103.058515707
103.058515707
103.058515707
103.058515707
103.058515707
103.058515707
103.058515707
103.058515707
103.058515707
103.058515707
103.058515707
103.058515707
103.058515707
103.058515707
103.058515707
103.058515707
103.058515707
103.058515707
103.058515707
103.058515707
103.058515707
103.058515707
103.058515707
103.058515707
103.058515707
103.058515707
103.058515707
103.058515707
103.058515707
103.058515707
103.058515707
103.058515707
103.058515707
103.058515707
103.058515707
103.058515707
103.058515707
103.058515707
103.058515707
103.058515707
103.058515707
103.058515707
103.058515707
103.058515707
103.058515707
103.058515707
103.058515707
103.058515707
103.058515707
103.058515707
103.058515707
103.058515707
103.058515707
103.058515707
103.058515707
103.058515707
103.058515707
103.058515707
103.058515707
103.058515707
103.058515707
103.058515707
103.058515707
103.058515707
103.058515707
103.058515707
103.058515707
103.058515707
103.058515707
103.058515707
103.058515707
103.058515707
103.058515707
103.058515707
103.058515707
103.058515707
103.058515707
103.058515707
103.058515707
103.058515707
103.058515707
103.058515707
103.058515707
103.058515707
103.058515707
103.058515707
103.058515707
103.058515707
103.058515707
103.058515707
103.058515707
103.058515707
103.058515707
103.058515707
103.058515707
103.058515707
103.058515707
103.058515707
103.058515707
103.058515707
103.058515707
103.058515707
103.058515707
103.058515707
103.058515707
103.058515707
103.058515707
103.058515707
103.058515707
103.058515707
103.058515707
103.058515707
103.058515707
103.058515707
103.058515707
103.058515707
103.058515707
103.058515707
103.058515707
103.058515707
103.058515707
103.058515707
103.058515707
103.058515707
103.058515707
103.058515707
103.058515707
103.058515707
103.058515707
103.058515707
103.058515707
103.058515707
103.058515707
103.058515707
103.058515707
103.058515707
103.058515707
103.058515707
103.058515707
103.058515707
103.058515707
103.058515707
103.058515707
103.058515707
103.058515707
103.058515707
103.058515707
103.058515707
103.058515707
103.058515707
103.058515707
103.058515707
103.058515707
103.058515707
103.058515707
103.058515707
103.058515707
103.058515707
103.058515707
103.058515707
103.058515707
103.058515707
103.058515707
103.058515707
103.058515707
103.058515707
103.058515707
103.058515707
103.058515707
103.058515707
103.058515707
103.058515707
103.058515707
103.058515707
103.058515707
103.058515707
103.058515707
103.058515707
103.058515707
103.058515707
103.058515707
103.058515707
103.058515707
103.058515707
103.058515707
103.058515707
103.058515707
103.058515707
103.058515707
103.058515707
103.058515707
103.058515707
103.058515707
103.058515707
103.058515707
103.058515707
103.058515707
103.058515707
103.058515707
103.058515707
103.058515707
103.058515707
103.058515707
103.058515707
103.058515707
103.058515707
103.058515707
103.058515707
103.058515707
103.058515707
103.058515707
103.058515707
103.058515707
103.058515707
103.058515707
103.058515707
103.058515707
103.058515707
103.058515707
103.058515707
103.058515707
103.058515707
103.058515707
103.058515707
103.058515707
103.058515707
103.058515707
103.058515707
103.058515707
103.058515707
103.058515707
103.058515707
103.058515707
103.058515707
103.058515707
103.058515707
103.058515707
103.058515707
103.058515707
103.058515707
103.058515707
103.058515707
103.058515707
103.058515707
103.058515707
103.058515707
103.058515707
103.058515707
103.058515707
103.058515707
103.058515707
103.058515707
103.058515707
103.058515707
103.058515707
103.058515707
103.058515707
103.058515707
103.058515707
103.058515707
103.058515707
103.058515707
103.058515707
103.058515707
103.058515707
103.058515707
103.058515707
103.058515707
103.058515707
103.058515707
103.058515707
103.058515707
103.058515707
103.058515707
103.058515707
103.058515707
103.058515707
103.058515707
103.058515707
103.058515707
103.058515707
103.058515707
103.058515707
103.058515707
103.058515707
103.058515707
103.058515707
103.058515707
103.058515707
103.058515707
103.058515707
103.058515707
103.058515707
103.058515707
103.058515707
103.058515707
103.058515707
103.058515707
103.058515707
103.058515707
103.058515707
103.058515707
103.058515707
103.058515707
103.058515707
103.058515707
103.058515707
103.058515707
103.058515707
103.058515707
103.058515707
103.058515707
103.058515707
103.058515707
103.058515707
103.058515707
103.058515707
103.058515707
103.058515707
103.058515707
103.058515707
103.058515707
103.058515707
103.058515707
103.058515707
103.058515707
103.058515707
103.058515707
103.058515707
103.058515707
103.058515707
103.058515707
103.058515707
103.058515707
103.058515707
103.058515707
103.058515707
103.058515707
103.058515707
103.058515707
103.058515707
103.058515707
103.058515707
103.058515707
103.058515707
103.058515707
103.058515707
103.058515707
103.058515707
103.058515707
103.058515707
103.058515707
103.058515707
103.058515707
103.058515707
103.058515707
103.058515707
103.058515707
103.058515707
103.058515707
103.058515707
103.058515707
103.058515707
103.058515707
103.058515707
103.058515707
103.058515707
103.058515707
103.058515707
103.058515707
103.058515707
103.058515707
103.058515707
103.058515707
103.058515707
103.058515707
103.058515707
103.058515707
103.058515707
103.058515707
103.058515707
103.058515707
103.058515707
103.058515707
103.058515707
103.058515707
103.058515707
103.058515707
103.058515707
103.058515707
103.058515707
103.058515707
103.058515707
103.058515707
103.058515707
103.058515707
103.058515707
103.058515707
103.058515707
103.058515707
103.058515707
103.058515707
103.058515707
103.058515707
103.058515707
103.058515707
103.058515707
103.058515707
103.058515707
103.058515707
103.058515707
103.058515707
103.058515707
103.058515707
103.058515707
103.058515707
103.058515707
103.058515707
103.058515707
103.058515707
103.058515707
103.058515707
103.058515707
103.058515707
103.058515707
103.058515707
103.058515707
103.058515707
103.058515707
103.058515707
103.058515707
103.058515707
103.058515707
103.058515707
103.058515707
103.058515707
103.058515707
103.058515707
103.058515707
103.058515707
103.058515707
103.058515707
103.058515707
103.058515707
103.058515707
103.058515707
103.058515707
103.058515707
103.058515707
103.058515707
103.058515707
103.058515707
103.058515707
103.058515707
103.058515707
103.058515707
103.058515707
103.058515707
103.058515707
103.058515707
103.058515707
103.058515707
103.058515707
103.058515707
103.058515707
103.058515707
103.058515707
103.058515707
103.058515707
103.058515707
103.058515707
103.058515707
103.058515707
103.058515707
103.058515707
103.058515707
103.058515707
103.058515707
103.058515707
103.058515707
103.058515707
103.058515707
103.058515707
103.058515707
103.058515707
103.058515707
103.058515707
103.058515707
103.058515707
103.058515707
103.058515707
103.058515707
103.058515707
103.058515707
103.058515707
103.058515707
103.058515707
103.058515707
103.058515707
103.058515707
103.058515707
103.058515707
103.058515707
103.058515707
103.058515707
103.058515707
103.058515707
103.058515707
103.058515707
103.058515707
103.058515707
103.058515707
103.058515707
103.058515707
103.058515707
103.058515707
103.058515707
103.058515707
103.058515707
103.058515707
103.058515707
103.058515707
103.058515707
103.058515707
103.058515707
103.058515707
103.058515707
103.058515707
103.058515707
103.058515707
103.058515707
103.058515707
103.058515707
103.058515707
103.058515707
103.058515707
103.058515707
103.058515707
103.058515707
103.058515707
103.058515707
103.058515707
103.058515707
103.058515707
103.058515707
103.058515707
103.058515707
103.058515707
103.058515707
103.058515707
103.058515707
103.058515707
103.058515707
103.058515707
103.058515707
103.058515707
103.058515707
103.058515707
103.058515707
103.058515707
103.058515707
103.058515707
103.058515707
103.058515707
103.058515707
103.058515707
103.058515707
103.058515707
103.058515707
103.058515707
103.058515707
103.058515707
103.058515707
103.058515707
103.058515707
103.058515707
103.058515707
103.058515707
103.058515707
103.058515707
103.058515707
103.058515707
103.058515707
103.058515707
103.058515707
103.058515707
103.058515707
103.058515707
103.058515707
103.058515707
103.058515707
103.058515707
103.058515707
103.058515707
103.058515707
103.058515707
103.058515707
103.058515707
103.058515707
103.058515707
103.058515707
103.058515707
103.058515707
103.058515707
103.058515707
103.058515707
103.058515707
103.058515707
103.058515707
103.058515707
103.058515707
103.058515707
103.058515707
103.058515707
103.058515707
103.058515707
103.058515707
103.058515707
103.058515707
103.058515707
103.058515707
103.058515707
103.058515707
103.058515707
103.058515707
103.058515707
103.058515707
103.058515707
103.058515707
103.058515707
103.058515707
103.058515707
103.058515707
103.058515707
103.058515707
103.058515707
103.058515707
103.058515707
103.058515707
103.058515707
103.058515707
103.058515707
103.058515707
103.058515707
103.058515707
103.058515707
103.058515707
103.058515707
103.058515707
103.058515707
103.058515707
103.058515707
103.058515707
103.058515707
103.058515707
103.058515707
103.058515707
103.058515707
103.058515707
103.058515707
103.058515707
103.058515707
103.058515707
103.058515707
103.058515707
103.058515707
103.058515707
103.058515707
103.058515707
103.058515707
103.058515707
103.058515707
103.058515707
103.058515707
103.058515707
103.058515707
103.058515707
103.058515707
103.058515707
103.058515707
103.058515707
103.058515707
103.058515707
103.058515707
103.058515707
103.058515707
103.058515707
103.058515707
103.058515707
103.058515707
103.058515707
103.058515707
103.058515707
103.058515707
103.058515707
103.058515707
103.058515707
103.058515707
103.058515707
103.058515707
103.058515707
103.058515707
103.058515707
103.058515707
103.058515707
103.058515707
103.058515707
103.058515707
103.058515707
103.058515707
103.058515707
103.058515707
103.058515707
103.058515707
103.058515707
103.058515707
103.058515707
103.058515707
103.058515707
103.058515707
103.058515707
103.058515707
103.058515707
103.058515707
103.058515707
103.058515707
103.058515707
103.058515707
103.058515707
103.058515707
103.058515707
103.058515707
103.058515707
103.058515707
103.058515707
103.058515707
103.058515707
103.058515707
103.058515707
103.058515707
103.058515707
103.058515707
103.058515707
103.058515707
103.058515707
103.058515707
103.058515707
103.058515707
103.058515707
103.058515707
103.058515707
103.058515707
103.058515707
103.058515707
103.058515707
103.058515707
103.058515707
103.058515707
103.058515707
103.058515707
103.058515707
103.058515707
103.058515707
103.058515707
103.058515707
103.058515707
103.058515707
103.058515707
103.058515707
103.058515707
103.058515707
103.058515707
103.058515707
103.058515707
103.058515707
103.058515707
103.058515707
103.058515707
103.058515707
103.058515707
103.058515707
103.058515707
103.058515707
103.058515707
103.058515707
