399.068246101
399.068246101
399.068246101
357.161049024
357.161049024
313.247820521
300.335887812
300.335887812
300.335887812
300.335887812
281.824221416
281.824221416
261.770189643
251.837714933
249.603453795
233.131080769
226.636802428
225.841705877
219.929974178
216.074893564
213.125311523
204.749467028
198.572845031
185.321325422
177.580991584
172.53295208
166.730408159
166.360851584
165.187747081
163.254112207
161.875542498
160.51954823
158.192719016
157.034930075
156.474542982
155.723379621
154.958321594
153.471259791
152.985544945
152.000315314
151.523241229
150.921854348
150.365163087
149.858578144
149.544165549
149.252026762
149.090611643
148.847722607
148.415269017
148.147685428
147.835487068
147.500168457
147.172239268
147.003159526
146.766779096
146.514430852
146.346708963
146.232762993
146.129971001
146.093549512
146.054126465
145.991031049
145.927163181
145.884082524
145.829825908
145.793622011
145.737515854
145.690271514
145.665715159
145.647923954
145.629125489
145.609425944
145.591434579
145.579621229
145.568890739
145.55146956
145.53850842
145.517448097
145.507570605
145.496429561
145.481267389
145.462896952
145.449444461
145.430357748
145.419981969
145.408368584
145.39674211
145.38777463
145.377264259
145.366059441
145.360144505
145.352325864
145.342515246
145.333209714
145.322764605
145.316456287
145.305107258
145.294878916
145.281647959
145.269828252
145.258665765
145.252020051
145.246108244
145.238241595
145.229011909
145.221183939
145.217621455
145.214147537
145.213690794
145.213688734
145.21368864
145.213688508
145.21368772
145.213680871
145.213677922
145.213676746
145.213676343
145.213675104
145.213672993
145.21366811
145.213665007
145.213661982
145.213658106
145.213652879
145.213643748
145.213636722
145.213624762
145.213617873
145.213605239
145.213591771
145.213578416
145.21355827
145.213540363
145.213522033
145.213499767
145.213471563
145.213441371
145.213419978
145.213385576
145.213363718
145.213345865
145.213321713
145.213291546
145.213254505
145.21321721
145.213192896
145.213160367
145.213118074
145.213073235
145.213023086
145.212985268
145.212952371
145.212884458
145.212832073
145.212749195
145.21269943
145.212650557
145.212588108
145.212500569
145.212448572
145.212343324
145.212273957
145.212227631
145.212110025
145.211987194
145.211886808
145.211760245
145.21163198
145.211503532
145.211359921
145.211262017
145.211121966
145.211037245
145.210829356
145.210612633
145.210321405
145.209960505
145.209693563
145.209377879
145.209026935
145.208583562
145.208205628
145.207601187
145.207133085
145.206632841
145.205978435
145.205475164
145.205190049
145.204756454
145.204301515
145.203748531
145.203291974
145.202707384
145.202274497
145.201946839
145.201238937
145.200883261
145.200289774
145.199994196
145.199159042
145.198302565
145.197233712
145.195998195
145.19531525
145.194556133
145.193724398
145.192635783
145.191411269
145.190394312
145.189432869
145.188658863
145.187282921
145.18607158
145.184442576
145.183213138
145.182323545
145.180000141
145.177929028
145.17474186
145.172967945
145.171040777
145.168558746
145.164755368
145.160612014
145.155603434
145.152557299
145.149324324
145.143823759
145.137528491
145.131350943
145.123997412
145.117576707
145.11142472
145.104919107
145.100259799
145.093238709
145.082143475
145.070586086
145.060522783
145.051060635
145.038992386
145.025135303
145.008925915
144.994870256
144.980331332
144.971569487
144.963371134
144.960707105
144.958953933
144.958950508
144.958950508
144.958950508
144.958950508
144.958950508
144.958950222
144.958950017
144.958950017
144.958950017
144.958950017
144.958950017
144.958950017
144.958950017
144.958950017
144.958950017
144.958950017
144.958950017
144.958950017
144.958950017
144.958950017
144.958950017
144.958950017
144.958950017
144.958950017
144.958950017
144.958950017
144.958950017
144.958950017
144.958950017
144.958950017
144.958950017
144.958950017
144.958950017
144.958950017
144.958950017
144.958950017
144.958950017
144.958950017
144.958950017
144.958950017
144.958950017
144.958950017
144.958950017
144.958950017
144.958950017
144.958950017
144.958950017
144.958950017
144.958950017
144.958950017
144.958950017
144.958950017
144.958950017
144.958950017
144.958950017
144.958950017
144.958950017
144.958950017
144.958950017
144.958950017
144.958950017
144.958950017
144.958950017
144.958950017
144.958950017
144.958950017
144.958950017
144.958950017
144.958950017
144.958950017
144.958950017
144.958950017
144.958950017
144.958950017
144.958950017
144.958950017
144.958950017
144.958950017
144.958950017
144.958950017
144.958950017
144.958950017
144.958950017
144.958950017
144.958950017
144.958950017
144.958950017
144.958950017
144.958950017
144.958950017
144.958950017
144.958950017
144.958950017
144.958950017
144.958950017
144.958950017
144.958950017
144.958950017
144.958950017
144.958950017
144.958950017
144.958950017
144.958950017
144.958950017
144.958950017
144.958950017
144.958950017
144.958950017
144.958950017
144.958950017
144.958950017
144.958950017
144.958950017
144.958950017
144.958950017
144.958950017
144.958950017
144.958950017
144.958950017
144.958950017
144.958950017
144.958950017
144.958950017
144.958950017
144.958950017
144.958950017
144.958950017
144.958950017
144.958950017
144.958950017
144.958950017
144.958950017
144.958950017
144.958950017
144.958950017
144.958950017
144.958950017
144.958950017
144.958950017
144.958950017
144.958950017
144.958950017
144.958950017
144.958950017
144.958950017
144.958950017
144.958950017
144.958950017
144.958950017
144.958950017
144.958950017
144.958950017
144.958950017
144.958950017
144.958950017
144.958950017
144.958950017
144.958950017
144.958950017
144.958950017
144.958950017
144.958950017
144.958950017
144.958950017
144.958950017
144.958950017
144.958950017
144.958950017
144.958950017
144.958950017
144.958950017
144.958950017
144.958950017
144.958950017
144.958950017
144.958950017
144.958950017
144.958950017
144.958950017
144.958950017
144.958950017
144.958950017
144.958950017
144.958950017
144.958950017
144.958950017
144.958950017
144.958950017
144.958950017
144.958950017
144.958950017
144.958950017
144.958950017
144.958950017
144.958950017
144.958950017
144.958950017
144.958950017
144.958950017
144.958950017
144.958950017
144.958950017
144.958950017
144.958950017
144.958950017
144.958950017
144.958950017
144.958950017
144.958950017
144.958950017
144.958950017
144.958950017
144.958950017
144.958950017
144.958950017
144.958950017
144.958950017
144.958950017
144.958950017
144.958950017
144.958950017
144.958950017
144.958950017
144.958950017
144.958950017
144.958950017
144.958950017
144.958950017
144.958950017
144.958950017
144.958950017
144.958950017
144.958950017
144.958950017
144.958950017
144.958950017
144.958950017
144.958950017
144.958950017
144.958950017
144.958950017
144.958950017
144.958950017
144.958950017
144.958950017
144.958950017
144.958950017
144.958950017
144.958950017
144.958950017
144.958950017
144.958950017
144.958950017
144.958950017
144.958950017
144.958950017
144.958950017
144.958950017
144.958950017
144.958950017
144.958950017
144.958950017
144.958950017
144.958950017
144.958950017
144.958950017
144.958950017
144.958950017
144.958950017
144.958950017
144.958950017
144.958950017
144.958950017
144.958950017
144.958950017
144.958950017
144.958950017
144.958950017
144.958950017
144.958950017
144.958950017
144.958950017
144.958950017
144.958950017
144.958950017
144.958950017
144.958950017
144.958950017
144.958950017
144.958950017
144.958950017
144.958950017
144.958950017
144.958950017
144.958950017
144.958950017
144.958950017
144.958950017
144.958950017
144.958950017
144.958950017
144.958950017
144.958950017
144.958950017
144.958950017
144.958950017
144.958950017
144.958950017
144.958950017
144.958950017
144.958950017
144.958950017
144.958950017
144.958950017
144.958950017
144.958950017
144.958950017
144.958950017
144.958950017
144.958950017
144.958950017
144.958950017
144.958950017
144.958950017
144.958950017
144.958950017
144.958950017
144.958950017
144.958950017
144.958950017
144.958950017
144.958950017
144.958950017
144.958950017
144.958950017
144.958950017
144.958950017
144.958950017
144.958950017
144.958950017
144.958950017
144.958950017
144.958950017
144.958950017
144.958950017
144.958950017
144.958950017
144.958950017
144.958950017
144.958950017
144.958950017
144.958950017
144.958950017
144.958950017
144.958950017
144.958950017
144.958950017
144.958950017
144.958950017
144.958950017
144.958950017
144.958950017
144.958950017
144.958950017
144.958950017
144.958950017
144.958950017
144.958950017
144.958950017
144.958950017
144.958950017
144.958950017
144.958950017
144.958950017
144.958950017
144.958950017
144.958950017
144.958950017
144.958950017
144.958950017
144.958950017
144.958950017
144.958950017
144.958950017
144.958950017
144.958950017
144.958950017
144.958950017
144.958950017
144.958950017
144.958950017
144.958950017
144.958950017
144.958950017
144.958950017
144.958950017
144.958950017
144.958950017
144.958950017
144.958950017
144.958950017
144.958950017
144.958950017
144.958950017
144.958950017
144.958950017
144.958950017
144.958950017
144.958950017
144.958950017
144.958950017
144.958950017
144.958950017
144.958950017
144.958950017
144.958950017
144.958950017
144.958950017
144.958950017
144.958950017
144.958950017
144.958950017
144.958950017
144.958950017
144.958950017
144.958950017
144.958950017
144.958950017
144.958950017
144.958950017
144.958950017
144.958950017
144.958950017
144.958950017
144.958950017
144.958950017
144.958950017
144.958950017
144.958950017
144.958950017
144.958950017
144.958950017
144.958950017
144.958950017
144.958950017
144.958950017
144.958950017
144.958950017
144.958950017
144.958950017
144.958950017
144.958950017
144.958950017
144.958950017
144.958950017
144.958950017
144.958950017
144.958950017
144.958950017
144.958950017
144.958950017
144.958950017
144.958950017
144.958950017
144.958950017
144.958950017
144.958950017
144.958950017
144.958950017
144.958950017
144.958950017
144.958950017
144.958950017
144.958950017
144.958950017
144.958950017
144.958950017
144.958950017
144.958950017
144.958950017
144.958950017
144.958950017
144.958950017
144.958950017
144.958950017
144.958950017
144.958950017
144.958950017
144.958950017
144.958950017
144.958950017
144.958950017
144.958950017
144.958950017
144.958950017
144.958950017
144.958950017
144.958950017
144.958950017
144.958950017
144.958950017
144.958950017
144.958950017
144.958950017
144.958950017
144.958950017
144.958950017
144.958950017
144.958950017
144.958950017
144.958950017
144.958950017
144.958950017
144.958950017
144.958950017
144.958950017
144.958950017
144.958950017
144.958950017
144.958950017
144.958950017
144.958950017
144.958950017
144.958950017
144.958950017
144.958950017
144.958950017
144.958950017
144.958950017
144.958950017
144.958950017
144.958950017
144.958950017
144.958950017
144.958950017
144.958950017
144.958950017
144.958950017
144.958950017
144.958950017
144.958950017
144.958950017
144.958950017
144.958950017
144.958950017
144.958950017
144.958950017
144.958950017
144.958950017
144.958950017
144.958950017
144.958950017
144.958950017
144.958950017
144.958950017
144.958950017
144.958950017
144.958950017
144.958950017
144.958950017
144.958950017
144.958950017
144.958950017
144.958950017
144.958950017
144.958950017
144.958950017
144.958950017
144.958950017
144.958950017
144.958950017
144.958950017
144.958950017
144.958950017
144.958950017
144.958950017
144.958950017
144.958950017
144.958950017
144.958950017
144.958950017
144.958950017
144.958950017
144.958950017
144.958950017
144.958950017
144.958950017
144.958950017
144.958950017
144.958950017
144.958950017
144.958950017
144.958950017
144.958950017
144.958950017
144.958950017
144.958950017
144.958950017
144.958950017
144.958950017
144.958950017
144.958950017
144.958950017
144.958950017
144.958950017
144.958950017
144.958950017
144.958950017
144.958950017
144.958950017
144.958950017
144.958950017
144.958950017
144.958950017
144.958950017
144.958950017
144.958950017
144.958950017
144.958950017
144.958950017
144.958950017
144.958950017
144.958950017
144.958950017
144.958950017
144.958950017
144.958950017
144.958950017
144.958950017
144.958950017
144.958950017
144.958950017
144.958950017
144.958950017
144.958950017
144.958950017
144.958950017
144.958950017
144.958950017
144.958950017
144.958950017
144.958950017
144.958950017
144.958950017
144.958950017
144.958950017
144.958950017
144.958950017
144.958950017
144.958950017
144.958950017
144.958950017
144.958950017
144.958950017
144.958950017
144.958950017
144.958950017
144.958950017
144.958950017
144.958950017
144.958950017
144.958950017
144.958950017
144.958950017
144.958950017
144.958950017
144.958950017
144.958950017
144.958950017
144.958950017
144.958950017
144.958950017
144.958950017
144.958950017
144.958950017
144.958950017
144.958950017
144.958950017
144.958950017
144.958950017
144.958950017
144.958950017
144.958950017
144.958950017
144.958950017
144.958950017
144.958950017
144.958950017
144.958950017
144.958950017
144.958950017
144.958950017
144.958950017
144.958950017
144.958950017
144.958950017
144.958950017
144.958950017
144.958950017
144.958950017
144.958950017
144.958950017
144.958950017
144.958950017
144.958950017
144.958950017
144.958950017
144.958950017
144.958950017
144.958950017
144.958950017
144.958950017
144.958950017
144.958950017
144.958950017
144.958950017
144.958950017
144.958950017
144.958950017
144.958950017
144.958950017
144.958950017
144.958950017
144.958950017
144.958950017
144.958950017
144.958950017
144.958950017
144.958950017
144.958950017
144.958950017
144.958950017
144.958950017
144.958950017
144.958950017
144.958950017
144.958950017
144.958950017
144.958950017
144.958950017
144.958950017
144.958950017
144.958950017
144.958950017
144.958950017
144.958950017
144.958950017
144.958950017
144.958950017
144.958950017
144.958950017
144.958950017
144.958950017
144.958950017
144.958950017
144.958950017
144.958950017
144.958950017
144.958950017
144.958950017
144.958950017
144.958950017
144.958950017
144.958950017
144.958950017
144.958950017
144.958950017
144.958950017
144.958950017
144.958950017
144.958950017
144.958950017
144.958950017
144.958950017
144.958950017
144.958950017
144.958950017
144.958950017
144.958950017
144.958950017
144.958950017
144.958950017
144.958950017
144.958950017
144.958950017
144.958950017
144.958950017
144.958950017
144.958950017
144.958950017
144.958950017
144.958950017
144.958950017
144.958950017
144.958950017
144.958950017
144.958950017
144.958950017
144.958950017
144.958950017
144.958950017
144.958950017
144.958950017
144.958950017
144.958950017
144.958950017
144.958950017
144.958950017
144.958950017
144.958950017
144.958950017
144.958950017
144.958950017
144.958950017
144.958950017
144.958950017
144.958950017
144.958950017
144.958950017
144.958950017
144.958950017
144.958950017
144.958950017
144.958950017
144.958950017
144.958950017
144.958950017
144.958950017
144.958950017
144.958950017
144.958950017
144.958950017
144.958950017
144.958950017
144.958950017
144.958950017
144.958950017
144.958950017
144.958950017
144.958950017
144.958950017
144.958950017
144.958950017
144.958950017
144.958950017
144.958950017
144.958950017
144.958950017
144.958950017
144.958950017
144.958950017
144.958950017
144.958950017
144.958950017
144.958950017
144.958950017
144.958950017
144.958950017
144.958950017
144.958950017
144.958950017
144.958950017
144.958950017
144.958950017
144.958950017
144.958950017
144.958950017
144.958950017
144.958950017
144.958950017
144.958950017
144.958950017
144.958950017
144.958950017
144.958950017
144.958950017
144.958950017
144.958950017
144.958950017
144.958950017
144.958950017
144.958950017
144.958950017
144.958950017
144.958950017
144.958950017
144.958950017
144.958950017
144.958950017
144.958950017
144.958950017
144.958950017
144.958950017
144.958950017
144.958950017
144.958950017
144.958950017
144.958950017
144.958950017
144.958950017
144.958950017
144.958950017
144.958950017
144.958950017
144.958950017
144.958950017
144.958950017
144.958950017
144.958950017
144.958950017
144.958950017
144.958950017
144.958950017
144.958950017
144.958950017
144.958950017
144.958950017
144.958950017
144.958950017
144.958950017
144.958950017
144.958950017
144.958950017
144.958950017
144.958950017
144.958950017
144.958950017
144.958950017
144.958950017
144.958950017
144.958950017
144.958950017
144.958950017
144.958950017
144.958950017
144.958950017
144.958950017
144.958950017
144.958950017
144.958950017
144.958950017
144.958950017
144.958950017
144.958950017
144.958950017
144.958950017
144.958950017
144.958950017
144.958950017
144.958950017
144.958950017
144.958950017
144.958950017
144.958950017
144.958950017
144.958950017
144.958950017
144.958950017
144.958950017
144.958950017
144.958950017
144.958950017
144.958950017
144.958950017
144.958950017
144.958950017
144.958950017
144.958950017
144.958950017
144.958950017
144.958950017
144.958950017
144.958950017
144.958950017
144.958950017
144.958950017
144.958950017
144.958950017
144.958950017
144.958950017
144.958950017
144.958950017
144.958950017
144.958950017
144.958950017
144.958950017
144.958950017
144.958950017
144.958950017
144.958950017
144.958950017
144.958950017
144.958950017
144.958950017
144.958950017
144.958950017
144.958950017
144.958950017
144.958950017
144.958950017
144.958950017
144.958950017
144.958950017
144.958950017
144.958950017
144.958950017
144.958950017
144.958950017
144.958950017
144.958950017
144.958950017
144.958950017
144.958950017
144.958950017
144.958950017
144.958950017
144.958950017
144.958950017
144.958950017
144.958950017
144.958950017
144.958950017
144.958950017
144.958950017
144.958950017
144.958950017
144.958950017
144.958950017
144.958950017
144.958950017
144.958950017
144.958950017
144.958950017
144.958950017
144.958950017
144.958950017
144.958950017
144.958950017
144.958950017
144.958950017
144.958950017
144.958950017
144.958950017
144.958950017
144.958950017
144.958950017
144.958950017
144.958950017
144.958950017
144.958950017
144.958950017
144.958950017
144.958950017
144.958950017
144.958950017
144.958950017
144.958950017
144.958950017
144.958950017
144.958950017
144.958950017
144.958950017
144.958950017
144.958950017
144.958950017
144.958950017
144.958950017
144.958950017
144.958950017
144.958950017
144.958950017
144.958950017
144.958950017
144.958950017
144.958950017
144.958950017
144.958950017
144.958950017
144.958950017
144.958950017
144.958950017
144.958950017
144.958950017
144.958950017
144.958950017
144.958950017
144.958950017
144.958950017
144.958950017
144.958950017
144.958950017
144.958950017
144.958950017
144.958950017
144.958950017
144.958950017
144.958950017
144.958950017
144.958950017
144.958950017
144.958950017
144.958950017
144.958950017
144.958950017
144.958950017
144.958950017
144.958950017
144.958950017
144.958950017
144.958950017
144.958950017
144.958950017
144.958950017
144.958950017
144.958950017
144.958950017
144.958950017
144.958950017
144.958950017
144.958950017
144.958950017
144.958950017
144.958950017
144.958950017
144.958950017
144.958950017
144.958950017
144.958950017
144.958950017
144.958950017
144.958950017
144.958950017
144.958950017
144.958950017
144.958950017
144.958950017
144.958950017
144.958950017
144.958950017
144.958950017
144.958950017
144.958950017
144.958950017
144.958950017
144.958950017
144.958950017
144.958950017
144.958950017
144.958950017
144.958950017
144.958950017
144.958950017
144.958950017
144.958950017
144.958950017
144.958950017
144.958950017
144.958950017
144.958950017
144.958950017
144.958950017
144.958950017
144.958950017
144.958950017
144.958950017
144.958950017
144.958950017
144.958950017
144.958950017
144.958950017
144.958950017
144.958950017
144.958950017
144.958950017
144.958950017
144.958950017
144.958950017
144.958950017
144.958950017
144.958950017
144.958950017
144.958950017
144.958950017
144.958950017
144.958950017
144.958950017
144.958950017
144.958950017
144.958950017
144.958950017
144.958950017
144.958950017
144.958950017
144.958950017
144.958950017
144.958950017
144.958950017
144.958950017
144.958950017
144.958950017
144.958950017
144.958950017
144.958950017
144.958950017
144.958950017
144.958950017
144.958950017
144.958950017
144.958950017
144.958950017
144.958950017
144.958950017
144.958950017
144.958950017
144.958950017
144.958950017
144.958950017
144.958950017
144.958950017
144.958950017
144.958950017
144.958950017
144.958950017
144.958950017
144.958950017
144.958950017
144.958950017
144.958950017
144.958950017
144.958950017
144.958950017
144.958950017
144.958950017
144.958950017
144.958950017
144.958950017
144.958950017
144.958950017
144.958950017
144.958950017
144.958950017
144.958950017
144.958950017
144.958950017
144.958950017
144.958950017
144.958950017
144.958950017
144.958950017
144.958950017
144.958950017
144.958950017
144.958950017
144.958950017
144.958950017
144.958950017
144.958950017
144.958950017
144.958950017
144.958950017
144.958950017
144.958950017
144.958950017
144.958950017
144.958950017
144.958950017
144.958950017
144.958950017
144.958950017
144.958950017
144.958950017
144.958950017
144.958950017
144.958950017
144.958950017
144.958950017
144.958950017
144.958950017
144.958950017
144.958950017
144.958950017
144.958950017
144.958950017
144.958950017
144.958950017
144.958950017
144.958950017
144.958950017
144.958950017
144.958950017
144.958950017
144.958950017
144.958950017
144.958950017
144.958950017
144.958950017
144.958950017
144.958950017
144.958950017
144.958950017
144.958950017
144.958950017
144.958950017
144.958950017
144.958950017
144.958950017
144.958950017
144.958950017
144.958950017
144.958950017
144.958950017
144.958950017
144.958950017
144.958950017
144.958950017
144.958950017
144.958950017
144.958950017
144.958950017
144.958950017
144.958950017
144.958950017
144.958950017
144.958950017
144.958950017
144.958950017
144.958950017
144.958950017
144.958950017
144.958950017
144.958950017
144.958950017
144.958950017
144.958950017
144.958950017
144.958950017
144.958950017
144.958950017
144.958950017
144.958950017
144.958950017
144.958950017
144.958950017
144.958950017
144.958950017
144.958950017
144.958950017
144.958950017
144.958950017
144.958950017
144.958950017
144.958950017
144.958950017
144.958950017
144.958950017
144.958950017
144.958950017
144.958950017
144.958950017
144.958950017
144.958950017
144.958950017
144.958950017
144.958950017
144.958950017
144.958950017
144.958950017
144.958950017
144.958950017
144.958950017
144.958950017
144.958950017
144.958950017
144.958950017
144.958950017
144.958950017
144.958950017
144.958950017
144.958950017
144.958950017
144.958950017
144.958950017
144.958950017
144.958950017
144.958950017
144.958950017
144.958950017
144.958950017
144.958950017
144.958950017
144.958950017
144.958950017
144.958950017
144.958950017
144.958950017
144.958950017
144.958950017
144.958950017
144.958950017
144.958950017
144.958950017
144.958950017
144.958950017
144.958950017
144.958950017
144.958950017
144.958950017
144.958950017
144.958950017
144.958950017
144.958950017
144.958950017
144.958950017
144.958950017
144.958950017
144.958950017
144.958950017
144.958950017
144.958950017
144.958950017
144.958950017
144.958950017
144.958950017
144.958950017
144.958950017
144.958950017
144.958950017
144.958950017
144.958950017
144.958950017
144.958950017
144.958950017
144.958950017
144.958950017
144.958950017
144.958950017
144.958950017
144.958950017
144.958950017
144.958950017
144.958950017
144.958950017
144.958950017
144.958950017
144.958950017
144.958950017
144.958950017
144.958950017
144.958950017
144.958950017
144.958950017
144.958950017
144.958950017
144.958950017
144.958950017
144.958950017
144.958950017
144.958950017
144.958950017
144.958950017
144.958950017
144.958950017
144.958950017
144.958950017
144.958950017
144.958950017
144.958950017
144.958950017
144.958950017
144.958950017
144.958950017
144.958950017
144.958950017
144.958950017
144.958950017
144.958950017
144.958950017
144.958950017
144.958950017
144.958950017
144.958950017
144.958950017
144.958950017
144.958950017
144.958950017
144.958950017
144.958950017
144.958950017
144.958950017
144.958950017
144.958950017
144.958950017
144.958950017
144.958950017
144.958950017
144.958950017
144.958950017
144.958950017
144.958950017
144.958950017
144.958950017
144.958950017
144.958950017
144.958950017
144.958950017
144.958950017
144.958950017
144.958950017
144.958950017
144.958950017
144.958950017
144.958950017
144.958950017
144.958950017
144.958950017
144.958950017
144.958950017
144.958950017
144.958950017
144.958950017
144.958950017
144.958950017
144.958950017
144.958950017
144.958950017
144.958950017
144.958950017
144.958950017
144.958950017
144.958950017
144.958950017
144.958950017
144.958950017
144.958950017
144.958950017
144.958950017
144.958950017
144.958950017
144.958950017
144.958950017
144.958950017
144.958950017
144.958950017
144.958950017
144.958950017
144.958950017
144.958950017
144.958950017
144.958950017
144.958950017
144.958950017
144.958950017
144.958950017
144.958950017
144.958950017
144.958950017
144.958950017
144.958950017
144.958950017
144.958950017
144.958950017
144.958950017
144.958950017
144.958950017
144.958950017
144.958950017
144.958950017
144.958950017
144.958950017
144.958950017
144.958950017
144.958950017
144.958950017
144.958950017
144.958950017
144.958950017
144.958950017
144.958950017
144.958950017
144.958950017
144.958950017
144.958950017
144.958950017
144.958950017
144.958950017
144.958950017
144.958950017
144.958950017
144.958950017
144.958950017
144.958950017
144.958950017
144.958950017
144.958950017
144.958950017
144.958950017
144.958950017
144.958950017
144.958950017
144.958950017
144.958950017
144.958950017
144.958950017
144.958950017
144.958950017
144.958950017
144.958950017
144.958950017
144.958950017
144.958950017
144.958950017
144.958950017
144.958950017
144.958950017
144.958950017
144.958950017
144.958950017
144.958950017
144.958950017
144.958950017
144.958950017
144.958950017
144.958950017
144.958950017
144.958950017
144.958950017
144.958950017
144.958950017
144.958950017
144.958950017
144.958950017
144.958950017
144.958950017
144.958950017
144.958950017
144.958950017
144.958950017
144.958950017
144.958950017
144.958950017
144.958950017
144.958950017
144.958950017
144.958950017
144.958950017
144.958950017
144.958950017
144.958950017
144.958950017
144.958950017
144.958950017
144.958950017
144.958950017
144.958950017
144.958950017
144.958950017
144.958950017
144.958950017
144.958950017
144.958950017
144.958950017
144.958950017
144.958950017
144.958950017
144.958950017
144.958950017
144.958950017
144.958950017
144.958950017
144.958950017
144.958950017
144.958950017
144.958950017
144.958950017
144.958950017
144.958950017
144.958950017
144.958950017
144.958950017
144.958950017
144.958950017
144.958950017
144.958950017
144.958950017
144.958950017
144.958950017
144.958950017
144.958950017
144.958950017
144.958950017
144.958950017
144.958950017
144.958950017
144.958950017
144.958950017
144.958950017
144.958950017
144.958950017
144.958950017
144.958950017
144.958950017
144.958950017
144.958950017
144.958950017
144.958950017
144.958950017
144.958950017
144.958950017
144.958950017
144.958950017
144.958950017
144.958950017
144.958950017
144.958950017
144.958950017
144.958950017
144.958950017
144.958950017
144.958950017
144.958950017
144.958950017
144.958950017
144.958950017
144.958950017
144.958950017
144.958950017
144.958950017
144.958950017
144.958950017
144.958950017
144.958950017
144.958950017
144.958950017
144.958950017
144.958950017
144.958950017
144.958950017
144.958950017
144.958950017
144.958950017
144.958950017
144.958950017
144.958950017
144.958950017
144.958950017
144.958950017
144.958950017
144.958950017
144.958950017
144.958950017
144.958950017
144.958950017
144.958950017
144.958950017
144.958950017
144.958950017
144.958950017
144.958950017
144.958950017
144.958950017
144.958950017
144.958950017
144.958950017
144.958950017
144.958950017
144.958950017
144.958950017
144.958950017
144.958950017
144.958950017
144.958950017
144.958950017
144.958950017
144.958950017
144.958950017
144.958950017
144.958950017
144.958950017
144.958950017
144.958950017
144.958950017
144.958950017
144.958950017
144.958950017
144.958950017
144.958950017
144.958950017
144.958950017
144.958950017
144.958950017
144.958950017
144.958950017
144.958950017
144.958950017
144.958950017
144.958950017
144.958950017
144.958950017
144.958950017
144.958950017
144.958950017
144.958950017
144.958950017
144.958950017
144.958950017
144.958950017
144.958950017
144.958950017
144.958950017
144.958950017
144.958950017
144.958950017
144.958950017
144.958950017
144.958950017
144.958950017
144.958950017
144.958950017
144.958950017
144.958950017
144.958950017
144.958950017
144.958950017
144.958950017
144.958950017
144.958950017
144.958950017
144.958950017
144.958950017
144.958950017
144.958950017
144.958950017
144.958950017
144.958950017
144.958950017
144.958950017
144.958950017
144.958950017
144.958950017
144.958950017
144.958950017
144.958950017
144.958950017
144.958950017
144.958950017
144.958950017
144.958950017
144.958950017
144.958950017
144.958950017
144.958950017
144.958950017
144.958950017
144.958950017
144.958950017
144.958950017
144.958950017
144.958950017
144.958950017
144.958950017
144.958950017
144.958950017
144.958950017
144.958950017
144.958950017
144.958950017
144.958950017
144.958950017
144.958950017
144.958950017
144.958950017
144.958950017
144.958950017
144.958950017
144.958950017
144.958950017
144.958950017
144.958950017
144.958950017
144.958950017
144.958950017
144.958950017
144.958950017
144.958950017
144.958950017
144.958950017
144.958950017
144.958950017
144.958950017
144.958950017
144.958950017
144.958950017
144.958950017
144.958950017
144.958950017
144.958950017
144.958950017
144.958950017
144.958950017
144.958950017
144.958950017
144.958950017
144.958950017
144.958950017
144.958950017
144.958950017
144.958950017
144.958950017
144.958950017
144.958950017
144.958950017
144.958950017
144.958950017
144.958950017
144.958950017
144.958950017
144.958950017
144.958950017
144.958950017
144.958950017
144.958950017
144.958950017
144.958950017
144.958950017
144.958950017
144.958950017
144.958950017
144.958950017
144.958950017
144.958950017
144.958950017
144.958950017
144.958950017
144.958950017
144.958950017
144.958950017
144.958950017
144.958950017
144.958950017
144.958950017
144.958950017
144.958950017
144.958950017
144.958950017
144.958950017
144.958950017
144.958950017
144.958950017
144.958950017
144.958950017
144.958950017
144.958950017
144.958950017
144.958950017
144.958950017
144.958950017
144.958950017
144.958950017
144.958950017
144.958950017
144.958950017
144.958950017
144.958950017
144.958950017
144.958950017
144.958950017
144.958950017
144.958950017
144.958950017
144.958950017
144.958950017
144.958950017
144.958950017
144.958950017
144.958950017
144.958950017
144.958950017
144.958950017
144.958950017
144.958950017
144.958950017
144.958950017
144.958950017
144.958950017
144.958950017
144.958950017
144.958950017
144.958950017
144.958950017
144.958950017
144.958950017
144.958950017
144.958950017
144.958950017
144.958950017
144.958950017
144.958950017
144.958950017
144.958950017
144.958950017
144.958950017
144.958950017
144.958950017
144.958950017
144.958950017
144.958950017
144.958950017
144.958950017
144.958950017
144.958950017
144.958950017
144.958950017
144.958950017
144.958950017
144.958950017
144.958950017
144.958950017
144.958950017
144.958950017
144.958950017
144.958950017
144.958950017
144.958950017
144.958950017
144.958950017
144.958950017
144.958950017
144.958950017
144.958950017
144.958950017
144.958950017
144.958950017
144.958950017
144.958950017
144.958950017
144.958950017
144.958950017
144.958950017
144.958950017
144.958950017
144.958950017
144.958950017
144.958950017
144.958950017
144.958950017
144.958950017
144.958950017
144.958950017
144.958950017
144.958950017
144.958950017
144.958950017
144.958950017
144.958950017
144.958950017
144.958950017
144.958950017
144.958950017
144.958950017
144.958950017
144.958950017
144.958950017
144.958950017
144.958950017
144.958950017
144.958950017
144.958950017
144.958950017
144.958950017
144.958950017
144.958950017
144.958950017
144.958950017
144.958950017
144.958950017
144.958950017
144.958950017
144.958950017
144.958950017
144.958950017
144.958950017
144.958950017
144.958950017
144.958950017
144.958950017
144.958950017
144.958950017
144.958950017
144.958950017
144.958950017
144.958950017
144.958950017
144.958950017
144.958950017
144.958950017
144.958950017
144.958950017
144.958950017
144.958950017
144.958950017
144.958950017
144.958950017
144.958950017
144.958950017
144.958950017
144.958950017
144.958950017
144.958950017
144.958950017
144.958950017
144.958950017
144.958950017
144.958950017
144.958950017
144.958950017
144.958950017
144.958950017
144.958950017
144.958950017
144.958950017
144.958950017
144.958950017
144.958950017
144.958950017
144.958950017
144.958950017
144.958950017
144.958950017
144.958950017
144.958950017
144.958950017
144.958950017
144.958950017
144.958950017
144.958950017
144.958950017
144.958950017
144.958950017
144.958950017
144.958950017
144.958950017
144.958950017
144.958950017
144.958950017
144.958950017
144.958950017
144.958950017
144.958950017
144.958950017
144.958950017
144.958950017
144.958950017
144.958950017
144.958950017
144.958950017
144.958950017
144.958950017
144.958950017
144.958950017
144.958950017
144.958950017
144.958950017
144.958950017
144.958950017
144.958950017
144.958950017
144.958950017
144.958950017
144.958950017
144.958950017
144.958950017
144.958950017
144.958950017
144.958950017
144.958950017
144.958950017
144.958950017
144.958950017
144.958950017
144.958950017
144.958950017
144.958950017
144.958950017
144.958950017
144.958950017
144.958950017
144.958950017
144.958950017
144.958950017
144.958950017
144.958950017
144.958950017
144.958950017
144.958950017
144.958950017
144.958950017
144.958950017
144.958950017
144.958950017
144.958950017
144.958950017
144.958950017
144.958950017
144.958950017
144.958950017
144.958950017
144.958950017
144.958950017
144.958950017
144.958950017
144.958950017
144.958950017
144.958950017
144.958950017
144.958950017
144.958950017
144.958950017
144.958950017
144.958950017
144.958950017
144.958950017
144.958950017
144.958950017
144.958950017
144.958950017
144.958950017
144.958950017
144.958950017
144.958950017
144.958950017
144.958950017
144.958950017
144.958950017
144.958950017
144.958950017
144.958950017
144.958950017
144.958950017
144.958950017
144.958950017
144.958950017
144.958950017
144.958950017
144.958950017
144.958950017
144.958950017
144.958950017
144.958950017
144.958950017
144.958950017
144.958950017
144.958950017
144.958950017
144.958950017
144.958950017
144.958950017
144.958950017
144.958950017
144.958950017
144.958950017
144.958950017
144.958950017
144.958950017
144.958950017
144.958950017
144.958950017
144.958950017
144.958950017
144.958950017
144.958950017
144.958950017
144.958950017
144.958950017
144.958950017
144.958950017
144.958950017
144.958950017
144.958950017
144.958950017
144.958950017
144.958950017
144.958950017
144.958950017
144.958950017
144.958950017
144.958950017
144.958950017
144.958950017
144.958950017
144.958950017
144.958950017
144.958950017
144.958950017
144.958950017
144.958950017
144.958950017
144.958950017
144.958950017
144.958950017
144.958950017
144.958950017
144.958950017
144.958950017
144.958950017
144.958950017
144.958950017
144.958950017
144.958950017
144.958950017
144.958950017
144.958950017
144.958950017
144.958950017
144.958950017
144.958950017
144.958950017
144.958950017
144.958950017
144.958950017
144.958950017
144.958950017
144.958950017
144.958950017
144.958950017
144.958950017
144.958950017
144.958950017
144.958950017
144.958950017
144.958950017
144.958950017
144.958950017
144.958950017
144.958950017
144.958950017
144.958950017
144.958950017
144.958950017
144.958950017
144.958950017
144.958950017
144.958950017
144.958950017
144.958950017
144.958950017
144.958950017
144.958950017
144.958950017
144.958950017
144.958950017
144.958950017
144.958950017
144.958950017
144.958950017
144.958950017
144.958950017
144.958950017
144.958950017
144.958950017
144.958950017
144.958950017
144.958950017
144.958950017
144.958950017
144.958950017
144.958950017
144.958950017
144.958950017
144.958950017
144.958950017
144.958950017
144.958950017
144.958950017
144.958950017
144.958950017
144.958950017
144.958950017
144.958950017
144.958950017
144.958950017
144.958950017
144.958950017
144.958950017
144.958950017
144.958950017
144.958950017
144.958950017
144.958950017
144.958950017
144.958950017
144.958950017
144.958950017
144.958950017
144.958950017
144.958950017
144.958950017
144.958950017
144.958950017
144.958950017
144.958950017
144.958950017
144.958950017
144.958950017
144.958950017
144.958950017
144.958950017
144.958950017
144.958950017
144.958950017
144.958950017
144.958950017
144.958950017
144.958950017
144.958950017
144.958950017
144.958950017
144.958950017
144.958950017
144.958950017
144.958950017
144.958950017
144.958950017
144.958950017
144.958950017
144.958950017
144.958950017
144.958950017
144.958950017
144.958950017
144.958950017
144.958950017
144.958950017
144.958950017
144.958950017
144.958950017
144.958950017
144.958950017
144.958950017
144.958950017
144.958950017
144.958950017
144.958950017
144.958950017
144.958950017
144.958950017
144.958950017
144.958950017
144.958950017
144.958950017
144.958950017
144.958950017
144.958950017
144.958950017
144.958950017
144.958950017
144.958950017
144.958950017
144.958950017
144.958950017
144.958950017
144.958950017
144.958950017
144.958950017
144.958950017
144.958950017
144.958950017
144.958950017
144.958950017
144.958950017
144.958950017
144.958950017
144.958950017
144.958950017
144.958950017
144.958950017
144.958950017
144.958950017
144.958950017
144.958950017
144.958950017
144.958950017
144.958950017
144.958950017
144.958950017
144.958950017
144.958950017
144.958950017
144.958950017
144.958950017
144.958950017
144.958950017
144.958950017
144.958950017
144.958950017
144.958950017
144.958950017
144.958950017
144.958950017
144.958950017
144.958950017
144.958950017
144.958950017
144.958950017
144.958950017
144.958950017
144.958950017
144.958950017
144.958950017
144.958950017
144.958950017
144.958950017
144.958950017
144.958950017
144.958950017
144.958950017
144.958950017
144.958950017
144.958950017
144.958950017
144.958950017
144.958950017
144.958950017
144.958950017
144.958950017
144.958950017
144.958950017
144.958950017
144.958950017
144.958950017
144.958950017
144.958950017
144.958950017
144.958950017
144.958950017
144.958950017
144.958950017
144.958950017
144.958950017
144.958950017
144.958950017
144.958950017
144.958950017
144.958950017
144.958950017
144.958950017
144.958950017
144.958950017
144.958950017
144.958950017
144.958950017
144.958950017
144.958950017
144.958950017
144.958950017
144.958950017
144.958950017
144.958950017
144.958950017
144.958950017
144.958950017
144.958950017
144.958950017
144.958950017
144.958950017
144.958950017
144.958950017
144.958950017
144.958950017
144.958950017
144.958950017
144.958950017
144.958950017
144.958950017
144.958950017
144.958950017
144.958950017
144.958950017
144.958950017
144.958950017
144.958950017
144.958950017
144.958950017
144.958950017
144.958950017
144.958950017
144.958950017
144.958950017
144.958950017
144.958950017
144.958950017
144.958950017
144.958950017
144.958950017
144.958950017
144.958950017
144.958950017
144.958950017
144.958950017
144.958950017
144.958950017
144.958950017
144.958950017
144.958950017
144.958950017
144.958950017
144.958950017
144.958950017
144.958950017
144.958950017
144.958950017
144.958950017
144.958950017
144.958950017
144.958950017
144.958950017
144.958950017
144.958950017
144.958950017
144.958950017
144.958950017
144.958950017
144.958950017
144.958950017
144.958950017
144.958950017
144.958950017
144.958950017
144.958950017
144.958950017
144.958950017
144.958950017
144.958950017
144.958950017
144.958950017
144.958950017
144.958950017
144.958950017
144.958950017
144.958950017
144.958950017
144.958950017
144.958950017
144.958950017
144.958950017
144.958950017
144.958950017
144.958950017
144.958950017
144.958950017
144.958950017
144.958950017
144.958950017
144.958950017
144.958950017
144.958950017
144.958950017
144.958950017
144.958950017
144.958950017
144.958950017
144.958950017
144.958950017
144.958950017
144.958950017
144.958950017
144.958950017
144.958950017
144.958950017
144.958950017
144.958950017
144.958950017
144.958950017
144.958950017
144.958950017
144.958950017
144.958950017
144.958950017
144.958950017
144.958950017
144.958950017
144.958950017
144.958950017
144.958950017
144.958950017
144.958950017
144.958950017
144.958950017
144.958950017
144.958950017
144.958950017
144.958950017
144.958950017
144.958950017
144.958950017
144.958950017
144.958950017
144.958950017
144.958950017
144.958950017
144.958950017
144.958950017
144.958950017
144.958950017
144.958950017
144.958950017
144.958950017
144.958950017
144.958950017
144.958950017
144.958950017
144.958950017
144.958950017
144.958950017
144.958950017
144.958950017
144.958950017
144.958950017
144.958950017
144.958950017
144.958950017
144.958950017
144.958950017
144.958950017
144.958950017
144.958950017
144.958950017
144.958950017
144.958950017
144.958950017
144.958950017
144.958950017
144.958950017
144.958950017
144.958950017
144.958950017
144.958950017
144.958950017
144.958950017
144.958950017
144.958950017
144.958950017
144.958950017
144.958950017
144.958950017
144.958950017
144.958950017
144.958950017
144.958950017
144.958950017
144.958950017
144.958950017
144.958950017
144.958950017
144.958950017
144.958950017
144.958950017
144.958950017
144.958950017
144.958950017
144.958950017
144.958950017
144.958950017
144.958950017
144.958950017
144.958950017
144.958950017
144.958950017
144.958950017
144.958950017
144.958950017
144.958950017
144.958950017
144.958950017
144.958950017
144.958950017
144.958950017
144.958950017
144.958950017
144.958950017
144.958950017
144.958950017
144.958950017
144.958950017
144.958950017
144.958950017
144.958950017
144.958950017
144.958950017
144.958950017
144.958950017
144.958950017
144.958950017
144.958950017
144.958950017
144.958950017
144.958950017
144.958950017
144.958950017
144.958950017
144.958950017
144.958950017
144.958950017
144.958950017
144.958950017
144.958950017
144.958950017
144.958950017
144.958950017
144.958950017
144.958950017
144.958950017
144.958950017
144.958950017
144.958950017
144.958950017
144.958950017
144.958950017
144.958950017
144.958950017
144.958950017
144.958950017
144.958950017
144.958950017
144.958950017
144.958950017
144.958950017
144.958950017
144.958950017
144.958950017
144.958950017
144.958950017
144.958950017
144.958950017
144.958950017
144.958950017
144.958950017
144.958950017
144.958950017
144.958950017
144.958950017
144.958950017
144.958950017
144.958950017
144.958950017
144.958950017
144.958950017
144.958950017
144.958950017
144.958950017
144.958950017
144.958950017
144.958950017
144.958950017
144.958950017
144.958950017
144.958950017
144.958950017
144.958950017
144.958950017
144.958950017
144.958950017
144.958950017
144.958950017
144.958950017
144.958950017
144.958950017
144.958950017
144.958950017
144.958950017
144.958950017
144.958950017
144.958950017
144.958950017
144.958950017
144.958950017
144.958950017
144.958950017
144.958950017
144.958950017
144.958950017
144.958950017
144.958950017
144.958950017
144.958950017
144.958950017
144.958950017
144.958950017
144.958950017
144.958950017
144.958950017
144.958950017
144.958950017
144.958950017
144.958950017
144.958950017
144.958950017
144.958950017
144.958950017
144.958950017
144.958950017
144.958950017
144.958950017
144.958950017
144.958950017
144.958950017
144.958950017
144.958950017
144.958950017
144.958950017
144.958950017
144.958950017
144.958950017
144.958950017
144.958950017
144.958950017
144.958950017
144.958950017
144.958950017
144.958950017
144.958950017
144.958950017
144.958950017
144.958950017
144.958950017
144.958950017
144.958950017
144.958950017
144.958950017
144.958950017
144.958950017
144.958950017
144.958950017
144.958950017
144.958950017
144.958950017
144.958950017
144.958950017
144.958950017
144.958950017
144.958950017
144.958950017
144.958950017
144.958950017
144.958950017
144.958950017
144.958950017
144.958950017
144.958950017
144.958950017
144.958950017
144.958950017
144.958950017
144.958950017
144.958950017
144.958950017
144.958950017
144.958950017
144.958950017
144.958950017
144.958950017
144.958950017
144.958950017
144.958950017
144.958950017
144.958950017
144.958950017
144.958950017
144.958950017
144.958950017
144.958950017
144.958950017
144.958950017
144.958950017
144.958950017
144.958950017
144.958950017
144.958950017
144.958950017
144.958950017
144.958950017
144.958950017
144.958950017
144.958950017
144.958950017
144.958950017
144.958950017
144.958950017
144.958950017
144.958950017
144.958950017
144.958950017
144.958950017
144.958950017
144.958950017
144.958950017
144.958950017
144.958950017
144.958950017
144.958950017
144.958950017
144.958950017
144.958950017
144.958950017
144.958950017
144.958950017
144.958950017
144.958950017
144.958950017
144.958950017
144.958950017
144.958950017
144.958950017
144.958950017
144.958950017
144.958950017
144.958950017
144.958950017
144.958950017
144.958950017
144.958950017
144.958950017
144.958950017
144.958950017
144.958950017
144.958950017
144.958950017
144.958950017
144.958950017
144.958950017
144.958950017
144.958950017
144.958950017
144.958950017
144.958950017
144.958950017
144.958950017
144.958950017
144.958950017
144.958950017
144.958950017
144.958950017
144.958950017
144.958950017
144.958950017
144.958950017
144.958950017
144.958950017
144.958950017
144.958950017
144.958950017
144.958950017
144.958950017
144.958950017
144.958950017
144.958950017
144.958950017
144.958950017
144.958950017
144.958950017
144.958950017
144.958950017
144.958950017
144.958950017
144.958950017
144.958950017
144.958950017
144.958950017
144.958950017
144.958950017
144.958950017
144.958950017
144.958950017
144.958950017
144.958950017
144.958950017
144.958950017
144.958950017
144.958950017
144.958950017
144.958950017
144.958950017
144.958950017
144.958950017
144.958950017
144.958950017
144.958950017
144.958950017
144.958950017
144.958950017
144.958950017
144.958950017
144.958950017
144.958950017
144.958950017
144.958950017
144.958950017
144.958950017
144.958950017
144.958950017
144.958950017
144.958950017
144.958950017
144.958950017
144.958950017
144.958950017
144.958950017
144.958950017
144.958950017
144.958950017
144.958950017
144.958950017
144.958950017
144.958950017
144.958950017
144.958950017
144.958950017
144.958950017
144.958950017
144.958950017
144.958950017
144.958950017
144.958950017
144.958950017
144.958950017
144.958950017
144.958950017
144.958950017
144.958950017
144.958950017
144.958950017
144.958950017
144.958950017
144.958950017
144.958950017
144.958950017
144.958950017
144.958950017
144.958950017
144.958950017
144.958950017
144.958950017
144.958950017
144.958950017
144.958950017
144.958950017
144.958950017
144.958950017
144.958950017
144.958950017
144.958950017
144.958950017
144.958950017
144.958950017
144.958950017
144.958950017
144.958950017
144.958950017
144.958950017
144.958950017
144.958950017
144.958950017
144.958950017
144.958950017
144.958950017
144.958950017
144.958950017
144.958950017
144.958950017
144.958950017
144.958950017
144.958950017
144.958950017
144.958950017
144.958950017
144.958950017
144.958950017
144.958950017
144.958950017
144.958950017
144.958950017
144.958950017
144.958950017
144.958950017
144.958950017
144.958950017
144.958950017
144.958950017
144.958950017
144.958950017
144.958950017
144.958950017
144.958950017
144.958950017
144.958950017
144.958950017
144.958950017
144.958950017
144.958950017
144.958950017
144.958950017
144.958950017
144.958950017
144.958950017
144.958950017
144.958950017
144.958950017
144.958950017
144.958950017
144.958950017
144.958950017
144.958950017
144.958950017
144.958950017
144.958950017
144.958950017
144.958950017
144.958950017
144.958950017
144.958950017
144.958950017
144.958950017
144.958950017
144.958950017
144.958950017
144.958950017
144.958950017
144.958950017
144.958950017
144.958950017
144.958950017
144.958950017
144.958950017
144.958950017
144.958950017
144.958950017
144.958950017
144.958950017
144.958950017
144.958950017
144.958950017
144.958950017
144.958950017
144.958950017
144.958950017
144.958950017
144.958950017
144.958950017
144.958950017
144.958950017
144.958950017
144.958950017
144.958950017
144.958950017
144.958950017
144.958950017
144.958950017
144.958950017
144.958950017
144.958950017
144.958950017
144.958950017
144.958950017
144.958950017
144.958950017
144.958950017
144.958950017
144.958950017
144.958950017
144.958950017
144.958950017
144.958950017
144.958950017
144.958950017
144.958950017
144.958950017
144.958950017
144.958950017
144.958950017
144.958950017
144.958950017
144.958950017
144.958950017
144.958950017
144.958950017
144.958950017
144.958950017
144.958950017
144.958950017
144.958950017
144.958950017
144.958950017
144.958950017
144.958950017
144.958950017
144.958950017
144.958950017
144.958950017
144.958950017
144.958950017
144.958950017
144.958950017
144.958950017
144.958950017
144.958950017
144.958950017
144.958950017
144.958950017
144.958950017
144.958950017
144.958950017
144.958950017
144.958950017
144.958950017
144.958950017
144.958950017
144.958950017
144.958950017
144.958950017
144.958950017
144.958950017
144.958950017
144.958950017
144.958950017
144.958950017
144.958950017
144.958950017
144.958950017
144.958950017
144.958950017
144.958950017
144.958950017
144.958950017
144.958950017
144.958950017
144.958950017
144.958950017
144.958950017
144.958950017
144.958950017
144.958950017
144.958950017
144.958950017
144.958950017
144.958950017
144.958950017
144.958950017
144.958950017
144.958950017
144.958950017
144.958950017
144.958950017
144.958950017
144.958950017
144.958950017
144.958950017
144.958950017
144.958950017
144.958950017
144.958950017
144.958950017
144.958950017
144.958950017
144.958950017
144.958950017
144.958950017
144.958950017
144.958950017
144.958950017
144.958950017
144.958950017
144.958950017
144.958950017
144.958950017
144.958950017
144.958950017
144.958950017
144.958950017
144.958950017
144.958950017
144.958950017
144.958950017
144.958950017
144.958950017
144.958950017
144.958950017
144.958950017
144.958950017
144.958950017
144.958950017
144.958950017
144.958950017
144.958950017
144.958950017
144.958950017
144.958950017
144.958950017
144.958950017
144.958950017
144.958950017
144.958950017
144.958950017
144.958950017
144.958950017
144.958950017
144.958950017
144.958950017
144.958950017
144.958950017
144.958950017
144.958950017
144.958950017
144.958950017
144.958950017
144.958950017
144.958950017
144.958950017
144.958950017
144.958950017
144.958950017
144.958950017
144.958950017
144.958950017
144.958950017
144.958950017
144.958950017
144.958950017
144.958950017
144.958950017
144.958950017
144.958950017
144.958950017
144.958950017
144.958950017
144.958950017
144.958950017
144.958950017
144.958950017
144.958950017
144.958950017
144.958950017
144.958950017
144.958950017
144.958950017
144.958950017
144.958950017
144.958950017
144.958950017
144.958950017
144.958950017
144.958950017
144.958950017
144.958950017
144.958950017
144.958950017
144.958950017
144.958950017
144.958950017
144.958950017
144.958950017
144.958950017
144.958950017
144.958950017
144.958950017
144.958950017
144.958950017
144.958950017
144.958950017
144.958950017
144.958950017
144.958950017
144.958950017
144.958950017
144.958950017
144.958950017
144.958950017
144.958950017
144.958950017
144.958950017
144.958950017
144.958950017
144.958950017
144.958950017
144.958950017
144.958950017
144.958950017
144.958950017
144.958950017
144.958950017
144.958950017
144.958950017
144.958950017
144.958950017
144.958950017
144.958950017
144.958950017
144.958950017
144.958950017
144.958950017
144.958950017
144.958950017
144.958950017
144.958950017
144.958950017
144.958950017
144.958950017
144.958950017
144.958950017
144.958950017
144.958950017
144.958950017
144.958950017
144.958950017
144.958950017
144.958950017
144.958950017
144.958950017
144.958950017
144.958950017
144.958950017
144.958950017
144.958950017
144.958950017
144.958950017
144.958950017
144.958950017
144.958950017
144.958950017
144.958950017
144.958950017
144.958950017
144.958950017
144.958950017
144.958950017
144.958950017
144.958950017
144.958950017
144.958950017
144.958950017
144.958950017
144.958950017
144.958950017
144.958950017
144.958950017
144.958950017
144.958950017
144.958950017
144.958950017
144.958950017
144.958950017
144.958950017
144.958950017
144.958950017
144.958950017
144.958950017
144.958950017
144.958950017
144.958950017
144.958950017
144.958950017
144.958950017
144.958950017
144.958950017
144.958950017
144.958950017
144.958950017
144.958950017
144.958950017
144.958950017
144.958950017
144.958950017
144.958950017
144.958950017
144.958950017
144.958950017
144.958950017
144.958950017
144.958950017
144.958950017
144.958950017
144.958950017
144.958950017
144.958950017
144.958950017
144.958950017
144.958950017
144.958950017
144.958950017
144.958950017
144.958950017
144.958950017
144.958950017
144.958950017
144.958950017
144.958950017
144.958950017
144.958950017
144.958950017
144.958950017
144.958950017
144.958950017
144.958950017
144.958950017
144.958950017
144.958950017
144.958950017
144.958950017
144.958950017
144.958950017
144.958950017
144.958950017
144.958950017
144.958950017
144.958950017
144.958950017
144.958950017
144.958950017
144.958950017
144.958950017
144.958950017
144.958950017
144.958950017
144.958950017
144.958950017
144.958950017
144.958950017
144.958950017
144.958950017
144.958950017
144.958950017
144.958950017
144.958950017
144.958950017
144.958950017
144.958950017
144.958950017
144.958950017
144.958950017
144.958950017
144.958950017
144.958950017
144.958950017
144.958950017
144.958950017
144.958950017
144.958950017
144.958950017
144.958950017
144.958950017
144.958950017
144.958950017
144.958950017
144.958950017
144.958950017
144.958950017
144.958950017
144.958950017
144.958950017
144.958950017
144.958950017
144.958950017
144.958950017
144.958950017
144.958950017
144.958950017
144.958950017
144.958950017
144.958950017
144.958950017
144.958950017
144.958950017
144.958950017
144.958950017
144.958950017
144.958950017
144.958950017
144.958950017
144.958950017
144.958950017
144.958950017
144.958950017
144.958950017
144.958950017
144.958950017
144.958950017
144.958950017
144.958950017
144.958950017
144.958950017
144.958950017
144.958950017
144.958950017
144.958950017
144.958950017
144.958950017
144.958950017
144.958950017
144.958950017
144.958950017
144.958950017
144.958950017
144.958950017
144.958950017
144.958950017
144.958950017
144.958950017
144.958950017
144.958950017
144.958950017
144.958950017
144.958950017
144.958950017
144.958950017
144.958950017
144.958950017
144.958950017
144.958950017
144.958950017
144.958950017
144.958950017
144.958950017
144.958950017
144.958950017
144.958950017
144.958950017
144.958950017
144.958950017
144.958950017
144.958950017
144.958950017
144.958950017
144.958950017
144.958950017
144.958950017
144.958950017
144.958950017
144.958950017
144.958950017
144.958950017
144.958950017
144.958950017
144.958950017
144.958950017
144.958950017
144.958950017
144.958950017
144.958950017
144.958950017
144.958950017
144.958950017
144.958950017
144.958950017
144.958950017
144.958950017
144.958950017
144.958950017
144.958950017
144.958950017
144.958950017
144.958950017
144.958950017
144.958950017
144.958950017
144.958950017
144.958950017
144.958950017
144.958950017
144.958950017
144.958950017
144.958950017
144.958950017
144.958950017
144.958950017
144.958950017
144.958950017
144.958950017
144.958950017
144.958950017
144.958950017
144.958950017
144.958950017
144.958950017
144.958950017
144.958950017
144.958950017
144.958950017
144.958950017
144.958950017
144.958950017
144.958950017
144.958950017
144.958950017
144.958950017
144.958950017
144.958950017
144.958950017
144.958950017
144.958950017
144.958950017
144.958950017
144.958950017
144.958950017
144.958950017
144.958950017
144.958950017
144.958950017
144.958950017
144.958950017
144.958950017
144.958950017
144.958950017
144.958950017
144.958950017
144.958950017
144.958950017
144.958950017
144.958950017
144.958950017
144.958950017
144.958950017
144.958950017
144.958950017
144.958950017
144.958950017
144.958950017
144.958950017
144.958950017
144.958950017
144.958950017
144.958950017
144.958950017
144.958950017
144.958950017
144.958950017
144.958950017
144.958950017
144.958950017
144.958950017
144.958950017
144.958950017
144.958950017
144.958950017
144.958950017
144.958950017
144.958950017
144.958950017
144.958950017
144.958950017
144.958950017
144.958950017
144.958950017
144.958950017
144.958950017
144.958950017
144.958950017
144.958950017
144.958950017
144.958950017
144.958950017
144.958950017
144.958950017
144.958950017
144.958950017
144.958950017
144.958950017
144.958950017
144.958950017
144.958950017
144.958950017
144.958950017
144.958950017
144.958950017
144.958950017
144.958950017
144.958950017
144.958950017
144.958950017
144.958950017
144.958950017
144.958950017
144.958950017
144.958950017
144.958950017
144.958950017
144.958950017
144.958950017
144.958950017
144.958950017
144.958950017
144.958950017
144.958950017
144.958950017
144.958950017
144.958950017
144.958950017
144.958950017
144.958950017
144.958950017
144.958950017
144.958950017
144.958950017
144.958950017
144.958950017
144.958950017
144.958950017
144.958950017
144.958950017
144.958950017
144.958950017
144.958950017
144.958950017
144.958950017
144.958950017
144.958950017
144.958950017
144.958950017
144.958950017
144.958950017
144.958950017
144.958950017
144.958950017
144.958950017
144.958950017
144.958950017
144.958950017
144.958950017
144.958950017
144.958950017
144.958950017
144.958950017
144.958950017
144.958950017
144.958950017
144.958950017
144.958950017
144.958950017
144.958950017
144.958950017
144.958950017
144.958950017
144.958950017
144.958950017
144.958950017
144.958950017
144.958950017
144.958950017
144.958950017
144.958950017
144.958950017
144.958950017
144.958950017
144.958950017
144.958950017
144.958950017
144.958950017
144.958950017
144.958950017
144.958950017
144.958950017
144.958950017
144.958950017
144.958950017
144.958950017
144.958950017
144.958950017
144.958950017
144.958950017
144.958950017
144.958950017
144.958950017
144.958950017
144.958950017
144.958950017
144.958950017
144.958950017
144.958950017
144.958950017
144.958950017
144.958950017
144.958950017
144.958950017
144.958950017
144.958950017
144.958950017
144.958950017
144.958950017
144.958950017
144.958950017
144.958950017
144.958950017
144.958950017
144.958950017
144.958950017
144.958950017
144.958950017
144.958950017
144.958950017
144.958950017
144.958950017
144.958950017
144.958950017
144.958950017
144.958950017
144.958950017
144.958950017
144.958950017
144.958950017
144.958950017
144.958950017
144.958950017
144.958950017
144.958950017
144.958950017
144.958950017
144.958950017
144.958950017
144.958950017
144.958950017
144.958950017
144.958950017
144.958950017
144.958950017
144.958950017
144.958950017
144.958950017
144.958950017
144.958950017
144.958950017
144.958950017
144.958950017
144.958950017
144.958950017
144.958950017
144.958950017
144.958950017
144.958950017
144.958950017
144.958950017
144.958950017
144.958950017
144.958950017
144.958950017
144.958950017
144.958950017
144.958950017
144.958950017
144.958950017
144.958950017
144.958950017
144.958950017
144.958950017
144.958950017
144.958950017
144.958950017
144.958950017
144.958950017
144.958950017
144.958950017
144.958950017
144.958950017
144.958950017
144.958950017
144.958950017
144.958950017
144.958950017
144.958950017
144.958950017
144.958950017
144.958950017
144.958950017
144.958950017
144.958950017
144.958950017
144.958950017
144.958950017
144.958950017
144.958950017
144.958950017
144.958950017
144.958950017
144.958950017
144.958950017
144.958950017
144.958950017
144.958950017
144.958950017
144.958950017
144.958950017
144.958950017
144.958950017
144.958950017
144.958950017
144.958950017
144.958950017
144.958950017
144.958950017
144.958950017
144.958950017
144.958950017
144.958950017
144.958950017
144.958950017
144.958950017
144.958950017
144.958950017
144.958950017
144.958950017
144.958950017
144.958950017
144.958950017
144.958950017
144.958950017
144.958950017
144.958950017
144.958950017
144.958950017
144.958950017
144.958950017
144.958950017
144.958950017
144.958950017
144.958950017
144.958950017
144.958950017
144.958950017
144.958950017
144.958950017
144.958950017
144.958950017
144.958950017
144.958950017
144.958950017
144.958950017
144.958950017
144.958950017
144.958950017
144.958950017
144.958950017
144.958950017
144.958950017
144.958950017
144.958950017
144.958950017
144.958950017
144.958950017
144.958950017
144.958950017
144.958950017
144.958950017
144.958950017
144.958950017
144.958950017
144.958950017
144.958950017
144.958950017
144.958950017
144.958950017
144.958950017
144.958950017
144.958950017
144.958950017
144.958950017
144.958950017
144.958950017
144.958950017
144.958950017
144.958950017
144.958950017
144.958950017
144.958950017
144.958950017
144.958950017
144.958950017
144.958950017
144.958950017
144.958950017
144.958950017
144.958950017
144.958950017
144.958950017
144.958950017
144.958950017
144.958950017
144.958950017
144.958950017
144.958950017
144.958950017
144.958950017
144.958950017
144.958950017
144.958950017
144.958950017
144.958950017
144.958950017
144.958950017
144.958950017
144.958950017
144.958950017
144.958950017
144.958950017
144.958950017
144.958950017
144.958950017
144.958950017
144.958950017
144.958950017
144.958950017
144.958950017
144.958950017
144.958950017
144.958950017
144.958950017
144.958950017
144.958950017
144.958950017
144.958950017
144.958950017
144.958950017
144.958950017
144.958950017
144.958950017
144.958950017
144.958950017
144.958950017
144.958950017
144.958950017
144.958950017
144.958950017
144.958950017
144.958950017
144.958950017
144.958950017
144.958950017
144.958950017
144.958950017
144.958950017
144.958950017
144.958950017
144.958950017
144.958950017
144.958950017
144.958950017
144.958950017
144.958950017
144.958950017
144.958950017
144.958950017
144.958950017
144.958950017
144.958950017
144.958950017
144.958950017
144.958950017
144.958950017
144.958950017
144.958950017
144.958950017
144.958950017
144.958950017
144.958950017
144.958950017
144.958950017
144.958950017
144.958950017
144.958950017
144.958950017
144.958950017
144.958950017
144.958950017
144.958950017
144.958950017
144.958950017
144.958950017
144.958950017
144.958950017
144.958950017
144.958950017
144.958950017
144.958950017
144.958950017
144.958950017
144.958950017
144.958950017
144.958950017
144.958950017
144.958950017
144.958950017
144.958950017
144.958950017
144.958950017
144.958950017
144.958950017
144.958950017
144.958950017
144.958950017
144.958950017
144.958950017
144.958950017
144.958950017
144.958950017
144.958950017
144.958950017
144.958950017
144.958950017
144.958950017
144.958950017
144.958950017
144.958950017
144.958950017
144.958950017
144.958950017
144.958950017
144.958950017
144.958950017
144.958950017
144.958950017
144.958950017
144.958950017
144.958950017
144.958950017
144.958950017
144.958950017
144.958950017
144.958950017
144.958950017
144.958950017
144.958950017
144.958950017
144.958950017
144.958950017
144.958950017
144.958950017
144.958950017
144.958950017
144.958950017
144.958950017
144.958950017
144.958950017
144.958950017
144.958950017
144.958950017
144.958950017
144.958950017
144.958950017
144.958950017
144.958950017
144.958950017
144.958950017
144.958950017
144.958950017
144.958950017
144.958950017
144.958950017
144.958950017
144.958950017
144.958950017
144.958950017
144.958950017
144.958950017
144.958950017
144.958950017
144.958950017
144.958950017
144.958950017
144.958950017
144.958950017
144.958950017
144.958950017
144.958950017
144.958950017
144.958950017
144.958950017
144.958950017
144.958950017
144.958950017
144.958950017
144.958950017
144.958950017
144.958950017
144.958950017
144.958950017
144.958950017
144.958950017
144.958950017
144.958950017
144.958950017
144.958950017
144.958950017
144.958950017
144.958950017
144.958950017
144.958950017
144.958950017
144.958950017
144.958950017
144.958950017
144.958950017
144.958950017
144.958950017
144.958950017
144.958950017
144.958950017
144.958950017
144.958950017
144.958950017
144.958950017
144.958950017
144.958950017
144.958950017
144.958950017
144.958950017
144.958950017
144.958950017
144.958950017
144.958950017
144.958950017
144.958950017
144.958950017
144.958950017
144.958950017
144.958950017
144.958950017
144.958950017
144.958950017
144.958950017
144.958950017
144.958950017
144.958950017
144.958950017
144.958950017
144.958950017
144.958950017
144.958950017
144.958950017
144.958950017
144.958950017
144.958950017
144.958950017
144.958950017
144.958950017
144.958950017
144.958950017
144.958950017
144.958950017
144.958950017
144.958950017
144.958950017
144.958950017
144.958950017
144.958950017
144.958950017
144.958950017
144.958950017
144.958950017
144.958950017
144.958950017
144.958950017
144.958950017
144.958950017
144.958950017
144.958950017
144.958950017
144.958950017
144.958950017
144.958950017
144.958950017
144.958950017
144.958950017
144.958950017
144.958950017
144.958950017
144.958950017
144.958950017
144.958950017
144.958950017
144.958950017
144.958950017
144.958950017
144.958950017
144.958950017
144.958950017
144.958950017
144.958950017
144.958950017
144.958950017
144.958950017
144.958950017
144.958950017
144.958950017
144.958950017
144.958950017
144.958950017
144.958950017
144.958950017
144.958950017
144.958950017
144.958950017
144.958950017
144.958950017
144.958950017
144.958950017
144.958950017
144.958950017
144.958950017
144.958950017
144.958950017
144.958950017
144.958950017
144.958950017
144.958950017
144.958950017
144.958950017
144.958950017
144.958950017
144.958950017
144.958950017
144.958950017
144.958950017
144.958950017
144.958950017
144.958950017
144.958950017
144.958950017
144.958950017
144.958950017
144.958950017
144.958950017
144.958950017
144.958950017
144.958950017
144.958950017
144.958950017
144.958950017
144.958950017
144.958950017
144.958950017
144.958950017
144.958950017
144.958950017
144.958950017
144.958950017
144.958950017
144.958950017
144.958950017
144.958950017
144.958950017
144.958950017
144.958950017
144.958950017
144.958950017
144.958950017
144.958950017
144.958950017
144.958950017
144.958950017
144.958950017
144.958950017
144.958950017
144.958950017
144.958950017
144.958950017
144.958950017
144.958950017
144.958950017
144.958950017
144.958950017
144.958950017
144.958950017
144.958950017
144.958950017
144.958950017
144.958950017
144.958950017
144.958950017
144.958950017
144.958950017
144.958950017
144.958950017
144.958950017
144.958950017
144.958950017
144.958950017
144.958950017
144.958950017
144.958950017
144.958950017
144.958950017
144.958950017
144.958950017
144.958950017
144.958950017
144.958950017
144.958950017
144.958950017
144.958950017
144.958950017
144.958950017
144.958950017
144.958950017
144.958950017
144.958950017
144.958950017
144.958950017
144.958950017
144.958950017
144.958950017
144.958950017
144.958950017
144.958950017
144.958950017
144.958950017
144.958950017
144.958950017
144.958950017
144.958950017
144.958950017
144.958950017
144.958950017
144.958950017
144.958950017
144.958950017
144.958950017
144.958950017
144.958950017
144.958950017
144.958950017
144.958950017
144.958950017
144.958950017
144.958950017
144.958950017
144.958950017
144.958950017
144.958950017
144.958950017
144.958950017
144.958950017
144.958950017
144.958950017
144.958950017
144.958950017
144.958950017
144.958950017
144.958950017
144.958950017
144.958950017
144.958950017
144.958950017
144.958950017
144.958950017
144.958950017
144.958950017
144.958950017
144.958950017
144.958950017
144.958950017
144.958950017
144.958950017
144.958950017
144.958950017
144.958950017
144.958950017
144.958950017
144.958950017
144.958950017
144.958950017
144.958950017
144.958950017
144.958950017
144.958950017
144.958950017
144.958950017
144.958950017
144.958950017
144.958950017
144.958950017
144.958950017
144.958950017
144.958950017
144.958950017
144.958950017
144.958950017
144.958950017
144.958950017
144.958950017
144.958950017
144.958950017
144.958950017
144.958950017
144.958950017
144.958950017
144.958950017
144.958950017
144.958950017
144.958950017
144.958950017
144.958950017
144.958950017
144.958950017
144.958950017
144.958950017
144.958950017
144.958950017
144.958950017
144.958950017
144.958950017
144.958950017
144.958950017
144.958950017
144.958950017
144.958950017
144.958950017
144.958950017
144.958950017
144.958950017
144.958950017
144.958950017
144.958950017
144.958950017
144.958950017
144.958950017
144.958950017
144.958950017
144.958950017
144.958950017
144.958950017
144.958950017
144.958950017
144.958950017
144.958950017
144.958950017
144.958950017
144.958950017
144.958950017
144.958950017
144.958950017
144.958950017
144.958950017
144.958950017
144.958950017
144.958950017
144.958950017
144.958950017
144.958950017
144.958950017
144.958950017
144.958950017
144.958950017
144.958950017
144.958950017
144.958950017
144.958950017
